0.00012341	0	0	0	0	0	0	0	0	0	0	0	0	0	0	0	0	0	0	0	0	0	0	0	0	0	0	0	0	0	0	

0.00016617	3.08244e-005	0	0	0	0	0	0	0	0	0	0	0	0	0	0	0	0	0	0	0	0	0	0	0	0	0	0	0	0	0	

0.00022263	8.77552e-005	7.69907e-006	0	0	0	0	0	0	0	0	0	0	0	0	0	0	0	0	0	0	0	0	0	0	0	0	0	0	0	0	

0.000296786	0.000158378	3.34709e-005	1.92301e-006	0	0	0	0	0	0	0	0	0	0	0	0	0	0	0	0	0	0	0	0	0	0	0	0	0	0	0	

0.000393669	0.000232373	8.25614e-005	1.12455e-005	4.80316e-007	0	0	0	0	0	0	0	0	0	0	0	0	0	0	0	0	0	0	0	0	0	0	0	0	0	0	

0.000519575	0.000309237	0.000151258	3.56919e-005	3.52951e-006	1.1997e-007	0	0	0	0	0	0	0	0	0	0	0	0	0	0	0	0	0	0	0	0	0	0	0	0	0	

0.000682328	0.000399178	0.000230548	8.09702e-005	1.37604e-005	1.06158e-006	2.99651e-008	0	0	0	0	0	0	0	0	0	0	0	0	0	0	0	0	0	0	0	0	0	0	0	0	

0.000891595	0.000517724	0.000314597	0.000146822	3.76066e-005	4.91733e-006	3.10115e-007	7.48445e-009	0	0	0	0	0	0	0	0	0	0	0	0	0	0	0	0	0	0	0	0	0	0	0	

0.00115923	0.000678916	0.000407476	0.0002273	8.05669e-005	1.57872e-005	1.66543e-006	8.86883e-008	1.86941e-009	0	0	0	0	0	0	0	0	0	0	0	0	0	0	0	0	0	0	0	0	0	0	

0.00149969	0.00089228	0.00052315	0.000316131	0.000143997	3.931e-005	6.15415e-006	5.42034e-007	2.49569e-008	4.66927e-010	0	0	0	0	0	0	0	0	0	0	0	0	0	0	0	0	0	0	0	0	0	

0.00193046	0.00116516	0.000679315	0.000413676	0.000224273	8.06993e-005	1.75225e-005	2.26798e-006	1.71079e-007	6.93414e-009	1.16625e-010	0	0	0	0	0	0	0	0	0	0	0	0	0	0	0	0	0	0	0	0	

0.00247257	0.00150784	0.000890481	0.000530262	0.000315997	0.00014217	4.08606e-005	7.28034e-006	7.9995e-007	5.26974e-008	1.90695e-009	2.91298e-011	0	0	0	0	0	0	0	0	0	0	0	0	0	0	0	0	0	0	0	

0.00315111	0.00193728	0.00116587	0.000683303	0.00041782	0.000221753	8.11154e-005	1.90615e-005	2.8608e-006	2.72418e-007	1.59143e-008	5.2001e-010	7.27581e-012	0	0	0	0	0	0	0	0	0	0	0	0	0	0	0	0	0	0	

0.00399585	0.00247723	0.00151341	0.000890567	0.000536982	0.000315181	0.000140998	4.22955e-005	8.32163e-006	1.07458e-006	9.0144e-008	4.72789e-009	1.40801e-010	1.8173e-012	0	0	0	0	0	0	0	0	0	0	0	0	0	0	0	0	0	

0.00504177	0.00315575	0.00194611	0.00116508	0.000689059	0.000420503	0.000219734	8.1697e-005	2.04581e-005	3.44097e-006	3.88923e-007	2.91246e-008	1.38534e-009	3.7895e-011	4.53911e-013	0	0	0	0	0	0	0	0	0	0	0	0	0	0	0	0	

0.00632972	0.00400321	0.00248587	0.00151578	0.000892957	0.000542756	0.000314138	0.00014028	4.36399e-005	9.29544e-006	1.36015e-006	1.36461e-007	9.22183e-009	4.01175e-010	1.01462e-011	1.13374e-013	0	0	0	0	0	0	0	0	0	0	0	0	0	0	0	

0.00790706	0.00505278	0.00316232	0.00195322	0.00116495	0.000695377	0.00042222	0.000218151	8.23816e-005	2.17462e-005	4.00775e-006	5.1766e-007	4.66359e-008	2.86994e-009	1.15001e-010	2.70435e-012	2.83178e-014	0	0	0	0	0	0	0	0	0	0	0	0	0	0	

0.0098282	0.00634308	0.00400895	0.00249576	0.00151654	0.000897057	0.000547558	0.00031308	0.00013989	4.49114e-005	1.02142e-005	1.65294e-006	1.90767e-007	1.55821e-008	8.79915e-010	3.26755e-011	7.17962e-013	7.07299e-015	0	0	0	0	0	0	0	0	0	0	0	0	0	

0.0121552	0.00792087	0.00506063	0.00317168	0.00195799	0.00116617	0.000701625	0.000423318	0.000216933	8.31332e-005	2.29487e-005	4.56137e-006	6.56352e-007	6.83785e-008	5.10542e-009	2.66282e-010	9.21215e-012	1.8994e-013	1.76664e-015	0	0	0	0	0	0	0	0	0	0	0	0	

0.0149582	0.00984186	0.00635492	0.00401626	0.00250481	0.00151703	0.00090221	0.00055152	0.000312106	0.000139742	4.61229e-005	1.10871e-005	1.95044e-006	2.5223e-007	2.39261e-008	1.64436e-009	7.96617e-011	2.57931e-012	5.00925e-014	4.41257e-016	0	0	0	0	0	0	0	0	0	0	0	

0.0183157	0.0121698	0.00793601	0.00506745	0.00318242	0.00196104	0.00116877	0.000707515	0.000424026	0.000216019	8.39297e-005	2.40817e-005	5.10245e-006	8.03225e-007	9.42055e-008	8.19698e-009	5.21677e-010	2.359e-011	7.17744e-013	1.31738e-014	1.10214e-016	0	0	0	0	0	0	0	0	0	0	

0.0223149	0.0149753	0.00985811	0.0063643	0.0040258	0.00251223	0.001518	0.000907911	0.0005548	0.000311258	0.00013978	4.72842e-005	1.19211e-005	2.25095e-006	3.20096e-007	3.43151e-008	2.75636e-009	1.63296e-010	6.92227e-012	1.98626e-013	3.45582e-015	2.75284e-017	0	0	0	0	0	0	0	0	0	

0.0270519	0.018336	0.0121857	0.00794972	0.00507522	0.00319314	0.00196319	0.00117249	0.000712941	0.000424497	0.000215358	8.47569e-005	2.51572e-005	5.63175e-006	9.56881e-007	1.23931e-007	1.22259e-008	9.11621e-010	5.05053e-011	2.01471e-012	5.46932e-014	9.04474e-016	6.87583e-018	0	0	0	0	0	0	0	0	

0.0326308	0.0223374	0.0149914	0.00987519	0.00637252	0.00403693	0.00251809	0.00151979	0.00091382	0.000557544	0.000310553	0.000139964	4.84027e-005	1.27218e-005	2.55327e-006	3.93694e-007	4.67702e-008	4.27085e-009	2.97059e-010	1.54528e-011	5.82053e-013	1.49921e-014	2.36229e-016	1.71739e-018	0	0	0	0	0	0	0	

0.0391639	0.027075	0.0183541	0.0122037	0.00796133	0.00508473	0.003203	0.00196507	0.00117706	0.000717887	0.000424831	0.00021491	8.56056e-005	2.61841e-005	6.15007e-006	1.11621e-006	1.57351e-007	1.72527e-008	1.46582e-009	9.55142e-011	4.68209e-012	1.6703e-013	4.09263e-015	6.15804e-017	4.28957e-019	0	0	0	0	0	0	

0.0467706	0.0326538	0.0223588	0.0150088	0.00989126	0.00638101	0.00404872	0.00252274	0.00152244	0.000919723	0.000559873	0.000309992	0.000140263	4.94843e-005	1.34935e-005	2.85655e-006	4.72435e-007	6.12841e-008	6.23544e-009	4.95152e-010	3.03417e-011	1.40611e-012	4.76395e-014	1.11301e-015	1.60247e-017	1.07142e-019	0	0	0	0	0	

0.0555762	0.0391872	0.0270991	0.0183714	0.0122226	0.00797152	0.00509583	0.0032117	0.00196712	0.00118222	0.000722383	0.000425094	0.00021464	8.64691e-005	2.71696e-005	6.65822e-006	1.28031e-006	1.9426e-007	2.33209e-008	2.21246e-009	1.64871e-010	9.53319e-012	4.18873e-013	1.35115e-014	3.01642e-016	4.16329e-018	2.6761e-020	0	0	0	0	

0.0657103	0.0467949	0.0326787	0.0223782	0.015028	0.00990557	0.00639061	0.00406041	0.00252662	0.00152591	0.000925493	0.000561885	0.000309569	0.000140656	5.05339e-005	1.42398e-005	3.16017e-006	5.55805e-007	7.783e-008	8.69065e-009	7.72032e-010	5.41828e-011	2.96536e-012	1.23859e-013	3.81241e-015	8.14883e-017	1.08003e-018	6.68416e-021	0	0	0	

0.0773048	0.0556012	0.0392114	0.0271219	0.0183898	0.0122411	0.0079813	0.00510804	0.00321927	0.00196958	0.00118775	0.000726474	0.00042533	0.000214523	8.7343e-005	2.81193e-005	7.15692e-006	1.44846e-006	2.34455e-007	3.04601e-008	3.17774e-009	2.65339e-010	1.75948e-011	9.13951e-013	3.63755e-014	1.07061e-015	2.1949e-017	2.79791e-019	1.66952e-021	0	0	

0.0904914	0.0657348	0.0468182	0.0327042	0.0223969	0.0150485	0.00991832	0.00640157	0.00407154	0.00253011	0.00153007	0.000931059	0.000563654	0.000309277	0.000141126	5.15554e-005	1.49637e-005	3.46371e-006	6.43353e-007	9.63674e-008	1.16704e-008	1.14205e-009	8.99374e-011	5.65127e-012	2.79314e-013	1.0616e-014	2.99332e-016	5.89579e-018	7.2389e-020	4.16999e-022	0	

0.105399	0.0773271	0.0556246	0.0392373	0.027143	0.0184099	0.0122583	0.0079915	0.00512078	0.00322586	0.00197256	0.0011935	0.00073021	0.000425568	0.000214536	8.82241e-005	2.90377e-005	7.64689e-006	1.62008e-006	2.77742e-007	3.86883e-008	4.38567e-009	4.04017e-010	3.00992e-011	1.79691e-012	8.4698e-014	3.08024e-015	8.33496e-017	1.57966e-018	1.87065e-020	0	

0.122151	0.0905103	0.0657585	0.0468427	0.0327287	0.0224161	0.0150691	0.00993015	0.00641375	0.00408187	0.0025335	0.0015348	0.00093639	0.00056524	0.000309107	0.000141659	5.2552e-005	1.56676e-005	3.76685e-006	7.34686e-007	1.16847e-007	1.52026e-008	1.61921e-009	1.40872e-010	9.95596e-012	5.66056e-013	2.54985e-014	8.8892e-016	2.31209e-017	4.22206e-019	0	

0.140858	0.105414	0.0773501	0.0556474	0.0392638	0.027163	0.0184314	0.0122741	0.00800258	0.00513358	0.00323173	0.00197609	0.00119934	0.00073364	0.000425829	0.000214661	8.911e-005	2.99285e-005	8.12875e-006	1.79466e-006	3.23937e-007	4.80149e-008	5.85792e-009	5.88194e-010	4.8469e-011	3.25774e-012	1.76786e-013	7.62502e-015	2.55245e-016	6.38976e-018	0	

0.161621	0.122161	0.0905306	0.0657807	0.0468687	0.0327515	0.0224366	0.015089	0.00994171	0.00642686	0.00409137	0.00253699	0.00153997	0.000941475	0.00056669	0.000309048	0.000142245	5.35263e-005	1.63535e-005	4.06937e-006	8.29456e-007	1.39215e-007	1.931e-008	2.21694e-009	2.10498e-010	1.64724e-011	1.05536e-012	5.47722e-014	2.26598e-015	7.29186e-017	0	

0.18452	0.140864	0.10543	0.0773721	0.0556711	0.0392896	0.0271831	0.0184535	0.0122886	0.00801471	0.00514611	0.00323711	0.00198015	0.00120519	0.00073681	0.000426124	0.000214884	8.9999e-005	3.07948e-005	8.60308e-006	1.97181e-006	3.7287e-007	5.84418e-008	7.61391e-009	8.25217e-010	7.42985e-011	5.53476e-012	3.38724e-013	1.68435e-014	6.69e-016	0	

0.209611	0.16162	0.122171	0.0905513	0.0658023	0.0468956	0.032773	0.0224586	0.0151078	0.00995356	0.00644053	0.00410008	0.00254072	0.00154548	0.000946317	0.000568039	0.000309091	0.000142877	5.44808e-005	1.70234e-005	4.37111e-006	9.2736e-007	1.63413e-007	2.40106e-008	2.94801e-009	3.02508e-010	2.58916e-011	1.8401e-012	1.07778e-013	5.13794e-015	0	

0.236928	0.18451	0.140868	0.105447	0.0773927	0.0556964	0.0393141	0.0272039	0.0184756	0.0123023	0.00802783	0.00515815	0.00324219	0.0019847	0.00121099	0.000739759	0.000426461	0.000215192	9.08898e-005	3.16393e-005	9.07043e-006	2.15119e-006	4.24379e-007	6.99655e-008	9.67089e-009	1.1224e-009	1.09332e-010	8.9162e-012	6.05763e-013	3.39602e-014	0	

0.266468	0.209592	0.161619	0.122182	0.090571	0.0658245	0.0469222	0.0327939	0.0224816	0.0151254	0.00996601	0.00645443	0.00410812	0.00254475	0.00155122	0.000950928	0.000569315	0.000309228	0.000143547	5.54173e-005	1.76786e-005	4.67195e-006	1.02813e-006	1.89383e-007	2.93185e-008	3.82443e-009	4.20728e-010	3.89977e-011	3.03664e-012	1.97121e-013	0	

0.298197	0.236897	0.184501	0.140872	0.105464	0.0774124	0.0557228	0.039337	0.027226	0.0184971	0.0123158	0.00804176	0.00516962	0.00324714	0.00198967	0.00121672	0.000742523	0.000426845	0.000215574	9.17815e-005	3.24641e-005	9.53128e-006	2.33251e-006	4.78317e-007	8.25781e-008	1.2044e-008	1.48693e-009	1.55443e-010	1.37404e-011	1.02028e-012	0	

0.33204	0.266427	0.209573	0.161616	0.122194	0.0905893	0.0658481	0.0469479	0.0328151	0.0225052	0.0151419	0.00997924	0.00646831	0.00411562	0.00254913	0.00155713	0.000955323	0.00057054	0.000309451	0.00014425	5.63375e-005	1.83205e-005	4.97182e-006	1.13153e-006	2.17065e-007	3.52442e-008	4.85743e-009	5.69062e-010	5.66603e-011	4.76573e-012	0	

0.36788	0.298144	0.236868	0.184491	0.140877	0.105481	0.0774324	0.0557495	0.0393591	0.0272492	0.0185177	0.0123293	0.0080563	0.00518048	0.00325209	0.001995	0.00122233	0.00074513	0.000427278	0.000216023	9.26734e-005	3.32713e-005	9.98607e-006	2.51554e-006	5.34547e-007	9.62684e-008	1.47466e-008	1.92581e-009	2.14602e-010	2.02827e-011	0	

0.405555	0.331974	0.266385	0.209555	0.161612	0.122207	0.0906065	0.065873	0.0469722	0.0328371	0.0225287	0.0151578	0.00999326	0.00648198	0.00412272	0.00255387	0.00156314	0.000959521	0.00057173	0.000309752	0.000144982	5.7243e-005	1.89504e-005	5.27068e-006	1.23736e-006	2.46401e-007	4.17954e-008	6.05743e-009	7.51422e-010	7.92692e-011	0	

0.444858	0.3678	0.29809	0.236839	0.18448	0.140883	0.105496	0.0774534	0.0557757	0.0393808	0.0272734	0.0185373	0.0123431	0.00807122	0.00519077	0.00325713	0.00200063	0.00122782	0.000747606	0.000427761	0.00021653	9.3565e-005	3.40623e-005	1.04352e-005	2.70006e-006	5.92941e-007	1.11023e-007	1.77901e-008	2.44565e-009	2.86342e-010	0	

0.485537	0.405462	0.331908	0.266344	0.209536	0.16161	0.12222	0.0906235	0.0658987	0.0469954	0.0328601	0.0225518	0.0151732	0.010008	0.00649531	0.00412953	0.00255894	0.0015692	0.000963538	0.000572899	0.000310125	0.000145738	5.8135e-005	1.95691e-005	5.5685e-006	1.34541e-006	2.77333e-007	4.8977e-008	7.43316e-009	9.6123e-010	0	

0.527293	0.444752	0.367722	0.298036	0.236811	0.184468	0.14089	0.10551	0.0774757	0.0558009	0.0394027	0.027298	0.0185561	0.0123575	0.00808632	0.00520054	0.00326233	0.00200651	0.00123318	0.000749974	0.000428295	0.00021709	9.44558e-005	3.48387e-005	1.08791e-005	2.88592e-006	6.53383e-007	1.26824e-007	2.11807e-008	3.01254e-009	0	

0.569783	0.485419	0.40537	0.331841	0.266304	0.209516	0.161609	0.122231	0.0906411	0.0659244	0.0470177	0.0328842	0.0225742	0.0151885	0.0100234	0.00650823	0.00413616	0.00256434	0.00157528	0.000967393	0.000574057	0.000310564	0.000146517	5.90146e-005	2.01777e-005	5.86527e-006	1.45554e-006	3.09805e-007	5.67772e-008	8.8493e-009	0	

0.612626	0.527163	0.444646	0.367643	0.297983	0.236782	0.184457	0.140898	0.105523	0.0774991	0.0558249	0.0394253	0.0273228	0.018574	0.0123725	0.00810143	0.00520987	0.00326772	0.00201259	0.0012384	0.000752251	0.000428877	0.000217696	9.53456e-005	3.56018e-005	1.1318e-005	3.07295e-006	7.15758e-007	1.43602e-007	2.44468e-008	0	

0.655406	0.569644	0.4853	0.405278	0.331774	0.266265	0.209495	0.161608	0.122241	0.0906598	0.0659495	0.0470398	0.032909	0.0225958	0.0152039	0.0100392	0.00652072	0.0041427	0.00257003	0.00158135	0.000971102	0.000575213	0.000311063	0.000147314	5.98829e-005	2.07768e-005	6.161e-006	1.56756e-006	3.43574e-007	6.36998e-008	0	

0.697676	0.612478	0.527033	0.444541	0.367562	0.29793	0.236752	0.184447	0.140904	0.105537	0.077523	0.0558479	0.0394488	0.0273473	0.0185915	0.0123881	0.00811642	0.00521884	0.00327333	0.00201883	0.00124349	0.000754454	0.000429508	0.000218345	9.62342e-005	3.63526e-005	1.17524e-005	3.26096e-006	7.7936e-007	1.56947e-007	0	

0.738968	0.655251	0.569504	0.485182	0.405186	0.331708	0.266225	0.209474	0.161609	0.122251	0.0906797	0.0659738	0.047062	0.0329344	0.0226167	0.0152196	0.0100553	0.00653277	0.00414923	0.00257598	0.00158739	0.000974681	0.000576372	0.000311618	0.000148129	6.07407e-005	2.13673e-005	6.45544e-006	1.67952e-006	3.66455e-007	0	

0.778801	0.697517	0.612331	0.526903	0.444437	0.367482	0.297879	0.236721	0.184439	0.140909	0.105551	0.0775469	0.0558701	0.0394731	0.0273713	0.0186087	0.0124043	0.00813121	0.00522751	0.00327917	0.00202518	0.00124846	0.000756594	0.000430185	0.000219031	9.71215e-005	3.7092e-005	1.21816e-005	3.44461e-006	8.124e-007	0	

0.816686	0.738808	0.655097	0.569364	0.485065	0.405092	0.331642	0.266184	0.209455	0.161609	0.122259	0.0907004	0.065997	0.0470846	0.03296	0.0226368	0.0152356	0.0100717	0.00654442	0.00415579	0.00258217	0.00159339	0.000978143	0.000577539	0.000312224	0.000148958	6.15885e-005	2.19474e-005	6.7345e-006	1.71288e-006	0	

0.852144	0.778642	0.697359	0.612183	0.526773	0.444332	0.367402	0.297828	0.23669	0.184431	0.140913	0.105566	0.0775703	0.055892	0.0394982	0.0273948	0.0186258	0.012421	0.00814573	0.00523597	0.00328524	0.00203162	0.0012533	0.000758685	0.000430906	0.000219752	9.80063e-005	3.78147e-005	1.25699e-005	3.43979e-006	0	

0.884706	0.816533	0.738648	0.654944	0.569223	0.484948	0.404999	0.331578	0.266142	0.209436	0.161608	0.122268	0.0907216	0.0660193	0.047108	0.0329856	0.0226564	0.0152522	0.0100881	0.0065557	0.00416243	0.00258856	0.00159932	0.000981503	0.000578718	0.000312877	0.000149799	6.24107e-005	2.24303e-005	6.58799e-006	0	

0.913931	0.851997	0.778484	0.697201	0.612034	0.526645	0.444226	0.367323	0.297776	0.236659	0.184423	0.140917	0.105582	0.077593	0.0559139	0.0395238	0.0274176	0.0186429	0.012438	0.00815994	0.00524428	0.00329153	0.00203811	0.00125803	0.000760734	0.00043167	0.000220496	9.88478e-005	3.83197e-005	1.20477e-005	0	

0.939413	0.88457	0.816379	0.738488	0.65479	0.569083	0.484832	0.404905	0.331514	0.2661	0.209418	0.161606	0.122278	0.0907429	0.0660409	0.047132	0.0330109	0.0226755	0.0152692	0.0101045	0.00656664	0.00416917	0.00259513	0.00160519	0.00098477	0.000579908	0.000313555	0.000150551	6.27654e-005	2.10602e-005	0	

0.960789	0.913808	0.851851	0.778324	0.697044	0.611885	0.526517	0.44412	0.367246	0.297722	0.236629	0.184415	0.14092	0.105599	0.0776149	0.0559361	0.0395498	0.0274397	0.0186603	0.0124554	0.00817383	0.00525248	0.00329804	0.00204464	0.00126265	0.000762742	0.000432427	0.000221042	9.87207e-005	3.52293e-005	0	

0.977751	0.939306	0.884434	0.816224	0.738329	0.654634	0.568945	0.484714	0.404813	0.33145	0.266057	0.209401	0.161604	0.122288	0.0907638	0.0660621	0.0471568	0.0330358	0.0226944	0.0152867	0.0101208	0.0065773	0.00417605	0.00260184	0.00161098	0.000987935	0.000581005	0.000313778	0.00014937	5.64575e-005	0	

0.99005	0.960701	0.913685	0.851705	0.778166	0.696886	0.611736	0.526389	0.444013	0.367169	0.297668	0.2366	0.184406	0.140923	0.105617	0.0776358	0.0559588	0.0395759	0.0274613	0.0186779	0.0124729	0.00818741	0.00526064	0.00330474	0.00205119	0.00126711	0.000764477	0.000432196	0.000217877	8.67911e-005	0	

0.997503	0.977683	0.939199	0.884298	0.816069	0.73817	0.654479	0.568807	0.484595	0.404721	0.331385	0.266015	0.209384	0.1616	0.1223	0.0907842	0.0660831	0.0471822	0.0330602	0.0227132	0.0153045	0.0101369	0.00658772	0.00418307	0.00260865	0.00161658	0.000990497	0.000580077	0.000307173	0.000128188	0	

1	0.990003	0.960612	0.913563	0.851557	0.778008	0.696727	0.611589	0.526261	0.443907	0.367092	0.297613	0.236572	0.184396	0.140927	0.105635	0.0776561	0.055982	0.039602	0.0274823	0.0186959	0.0124906	0.00820067	0.00526876	0.00331157	0.00205746	0.00127038	0.000762306	0.000419928	0.000182273	0	

0.997503	0.997479	0.977615	0.939091	0.884162	0.815915	0.738011	0.654324	0.568669	0.484476	0.404631	0.331319	0.265974	0.209367	0.161596	0.122312	0.0908038	0.0661042	0.0472079	0.0330841	0.0227319	0.0153227	0.0101528	0.00659792	0.0041901	0.002615	0.00161996	0.000985922	0.00055884	0.000250191	0	

0.99005	1	0.989957	0.960522	0.913441	0.851409	0.777851	0.696567	0.611443	0.526131	0.443802	0.367014	0.297559	0.236545	0.184386	0.140931	0.105652	0.0776759	0.0560059	0.0396279	0.0275031	0.0187142	0.0125084	0.00821359	0.00527662	0.00331742	0.0020597	0.00126123	0.000727333	0.00033271	0	

0.977751	0.997526	0.997456	0.977546	0.938985	0.884025	0.815761	0.737851	0.65417	0.568531	0.484357	0.404541	0.331252	0.265934	0.209349	0.161593	0.122324	0.0908227	0.0661256	0.047234	0.0331074	0.0227508	0.0153412	0.0101684	0.00660736	0.00419505	0.00261415	0.00160262	0.000930613	0.000430693	0	

0.960789	0.990096	0.999999	0.98991	0.960433	0.913318	0.851262	0.777694	0.696407	0.611297	0.526001	0.443698	0.366936	0.297505	0.236518	0.184374	0.140937	0.105669	0.0776954	0.0560303	0.0396534	0.0275235	0.0187328	0.0125258	0.00822502	0.00528034	0.00331082	0.00202882	0.00117688	0.000545967	0	

0.939413	0.97782	0.997549	0.997433	0.977476	0.938879	0.883887	0.815609	0.73769	0.654017	0.568392	0.484239	0.404451	0.331184	0.265895	0.20933	0.16159	0.122337	0.0908409	0.0661474	0.0472601	0.0331302	0.0227696	0.0153593	0.0101814	0.0066092	0.0041792	0.00256243	0.00147835	0.000682457	0	

0.913931	0.960878	0.990142	1	0.989863	0.960345	0.913194	0.851116	0.777536	0.696249	0.611151	0.52587	0.443596	0.366857	0.297452	0.23649	0.184363	0.140943	0.105686	0.0777148	0.0560552	0.0396784	0.0275434	0.0187504	0.0125388	0.00822335	0.00525071	0.00322909	0.0018518	0.000847279	0	

0.884706	0.93952	0.977888	0.997572	0.997409	0.977407	0.938772	0.88375	0.815456	0.737529	0.653864	0.568252	0.484122	0.404361	0.331117	0.265857	0.209311	0.161587	0.12235	0.0908585	0.0661697	0.0472861	0.0331519	0.0227863	0.0153699	0.0101729	0.00655976	0.00405669	0.00231836	0.00105138	0	

0.852144	0.914054	0.960967	0.990187	1	0.989815	0.960257	0.913069	0.85097	0.777376	0.696091	0.611004	0.52574	0.443493	0.366777	0.2974	0.236462	0.184351	0.140949	0.105701	0.0777342	0.0560801	0.0397017	0.0275588	0.0187553	0.012518	0.00814607	0.0050753	0.00290265	0.00130933	0	

0.816686	0.884842	0.939627	0.977955	0.997596	0.997384	0.977339	0.938664	0.883613	0.815302	0.737368	0.653712	0.568112	0.484007	0.404269	0.331051	0.265819	0.20929	0.161585	0.122363	0.0908756	0.0661918	0.0473094	0.0331654	0.0227816	0.0153291	0.0100574	0.00631824	0.00363164	0.00163821	0	

0.778801	0.852291	0.914176	0.961055	0.990233	0.999999	0.989767	0.960169	0.912944	0.850825	0.777216	0.695935	0.610856	0.525611	0.44339	0.366697	0.297349	0.236434	0.18434	0.140956	0.105716	0.0777525	0.0561006	0.0397112	0.0275402	0.0186848	0.0123515	0.00782407	0.00453376	0.00205582	0	

0.738968	0.816841	0.884977	0.939734	0.978022	0.997619	0.997358	0.977271	0.938555	0.883478	0.815148	0.737209	0.65356	0.567971	0.483892	0.404177	0.330985	0.26578	0.20927	0.161584	0.122374	0.0908898	0.0662062	0.0473106	0.0331268	0.0226705	0.0150967	0.0096389	0.00563879	0.00257886	0	

0.697676	0.778959	0.852437	0.9143	0.961142	0.99028	0.999997	0.989721	0.960079	0.912821	0.850679	0.777057	0.695778	0.610708	0.525483	0.443287	0.366617	0.297298	0.236404	0.184328	0.140962	0.105726	0.0777575	0.056087	0.0396446	0.0273761	0.0183704	0.0118178	0.00697865	0.00322206	0	

0.655406	0.739128	0.816995	0.885114	0.93984	0.97809	0.997642	0.997333	0.977203	0.938446	0.883343	0.814992	0.73705	0.653406	0.567831	0.483777	0.404084	0.330921	0.265741	0.209248	0.16158	0.122377	0.0908818	0.0661691	0.0472048	0.0328967	0.0222568	0.0144247	0.00858891	0.00399877	0	

0.612626	0.697835	0.779118	0.852583	0.914423	0.96123	0.990326	0.999995	0.989674	0.959988	0.912698	0.850532	0.776898	0.695622	0.610559	0.525356	0.443182	0.366537	0.297248	0.236372	0.184313	0.140953	0.1057	0.0776871	0.055928	0.0393335	0.0268446	0.0175302	0.0105103	0.00492319	0	

0.569783	0.655561	0.739289	0.817148	0.88525	0.939946	0.978158	0.997664	0.997309	0.977134	0.938337	0.883207	0.814837	0.736892	0.653252	0.567692	0.483662	0.403991	0.330856	0.265698	0.209218	0.161555	0.122327	0.0907671	0.0659412	0.0467957	0.0322252	0.0212088	0.0127895	0.00601343	0	

0.527292	0.612775	0.697993	0.779277	0.852729	0.914545	0.961317	0.990372	0.999993	0.989628	0.959897	0.912575	0.850385	0.776739	0.695465	0.61041	0.52523	0.443077	0.366457	0.297192	0.236326	0.184263	0.140869	0.105529	0.0773732	0.0554007	0.0384936	0.0255361	0.0154792	0.00729417	0	

0.485537	0.569923	0.655715	0.739449	0.817302	0.885387	0.940051	0.978226	0.997685	0.997285	0.977063	0.93823	0.883071	0.814681	0.736734	0.653097	0.567554	0.483545	0.403895	0.330783	0.265633	0.209136	0.161423	0.122085	0.0903496	0.0652709	0.0457485	0.0305879	0.0186364	0.00879743	0	

0.444858	0.527423	0.612923	0.698153	0.779435	0.852876	0.914667	0.961405	0.990417	0.999991	0.989581	0.959806	0.912453	0.850236	0.776582	0.695308	0.610262	0.525102	0.442966	0.366363	0.2971	0.236204	0.184068	0.14054	0.104989	0.0765289	0.0540928	0.0364412	0.0223213	0.0105608	0	

0.405554	0.485655	0.570063	0.65587	0.739609	0.817456	0.885523	0.940157	0.978294	0.997706	0.997261	0.976992	0.938122	0.882934	0.814526	0.736576	0.652941	0.567414	0.483419	0.403776	0.330658	0.265459	0.208864	0.160988	0.121399	0.0892914	0.0636322	0.0431767	0.0265955	0.0126239	0	

0.367879	0.444964	0.527553	0.613071	0.698312	0.779593	0.853023	0.914788	0.961494	0.990461	0.999991	0.989533	0.959716	0.912331	0.850087	0.776425	0.695148	0.610109	0.524959	0.442819	0.366194	0.296864	0.235838	0.183505	0.139678	0.103665	0.0744713	0.0508798	0.0315215	0.0150235	0	

0.33204	0.405647	0.485774	0.570203	0.656025	0.739769	0.81761	0.885658	0.940263	0.978361	0.997728	0.997238	0.976921	0.938016	0.882796	0.814372	0.736415	0.652776	0.567251	0.48324	0.403551	0.330342	0.264982	0.208147	0.159909	0.119741	0.0867096	0.0596402	0.0371619	0.0177915	0	

0.298197	0.367959	0.44507	0.527683	0.61322	0.698471	0.779751	0.85317	0.914909	0.961583	0.990505	0.99999	0.989483	0.959626	0.912207	0.849937	0.776263	0.694972	0.609921	0.52474	0.442528	0.365781	0.296256	0.234936	0.182155	0.1376	0.100437	0.0695474	0.0435786	0.0209538	0	

0.266468	0.332106	0.40574	0.485893	0.570342	0.656181	0.739928	0.817765	0.885793	0.94037	0.978428	0.99775	0.997212	0.97685	0.937908	0.882654	0.814208	0.736229	0.652558	0.566981	0.482869	0.403024	0.32958	0.263858	0.206456	0.157305	0.115732	0.0806837	0.0508306	0.0245335	0	

0.236928	0.298251	0.368038	0.445176	0.527812	0.613369	0.698629	0.77991	0.853316	0.915032	0.961671	0.990549	0.99999	0.989433	0.959535	0.912076	0.849773	0.776064	0.694719	0.609589	0.524276	0.441866	0.364832	0.294858	0.232818	0.178903	0.132656	0.0931175	0.0589707	0.0285537	0	

0.209611	0.266509	0.332173	0.405833	0.486011	0.570483	0.656336	0.740088	0.81792	0.885927	0.940477	0.978493	0.997772	0.997185	0.976776	0.937791	0.882488	0.813992	0.735935	0.652151	0.566408	0.48205	0.401848	0.32784	0.26121	0.202416	0.151256	0.106898	0.0680424	0.0330393	0	

0.184519	0.236957	0.298304	0.368117	0.445283	0.527942	0.613518	0.698787	0.78007	0.853462	0.915154	0.961757	0.990592	0.999987	0.989377	0.959429	0.911909	0.849532	0.77572	0.694224	0.608886	0.523273	0.440411	0.362664	0.291559	0.227836	0.171555	0.122053	0.0780764	0.0380154	0	

0.161621	0.209631	0.266551	0.332239	0.405926	0.48613	0.570624	0.656491	0.740249	0.818074	0.886062	0.940584	0.978557	0.997791	0.997148	0.976679	0.937618	0.882216	0.813586	0.735337	0.651295	0.565182	0.480251	0.399147	0.323751	0.255114	0.193547	0.138588	0.0890884	0.0435025	0	

0.140858	0.184529	0.236987	0.298358	0.368197	0.445389	0.528072	0.613668	0.698946	0.780229	0.853607	0.915277	0.961841	0.990631	0.999967	0.989285	0.959246	0.911596	0.84905	0.775004	0.693187	0.607387	0.521048	0.437056	0.357632	0.284159	0.21719	0.156487	0.101078	0.0495099	0	

0.122151	0.161623	0.20965	0.266592	0.332305	0.40602	0.486248	0.570765	0.656645	0.74041	0.818227	0.886197	0.940686	0.978612	0.997786	0.997056	0.976475	0.937255	0.881641	0.812729	0.734084	0.649457	0.562431	0.476106	0.392999	0.314828	0.242397	0.175708	0.114027	0.0560314	0	

0.105399	0.140853	0.184539	0.237017	0.298411	0.368278	0.445495	0.528203	0.613816	0.699105	0.780388	0.85375	0.915394	0.961909	0.990633	0.999869	0.989049	0.95882	0.91091	0.848023	0.773487	0.690928	0.603989	0.515959	0.429599	0.346931	0.269039	0.19618	0.127896	0.0630434	0	

0.0904914	0.122139	0.161625	0.209669	0.266634	0.332371	0.406114	0.486366	0.570906	0.656799	0.74057	0.818376	0.886323	0.940762	0.978613	0.997673	0.996774	0.975968	0.936439	0.880408	0.810886	0.731304	0.645275	0.55623	0.467121	0.380227	0.296937	0.217795	0.142622	0.0705074	0	

0.0773047	0.105383	0.140848	0.184549	0.237048	0.298464	0.368358	0.445601	0.528334	0.613964	0.699263	0.780539	0.853878	0.915472	0.961899	0.990491	0.999527	0.98844	0.957846	0.909423	0.845773	0.77007	0.685807	0.596485	0.505196	0.414423	0.325872	0.240401	0.158112	0.0783729	0	

0.0657102	0.0904721	0.122129	0.161626	0.209689	0.266675	0.332438	0.406207	0.486485	0.571045	0.65695	0.74072	0.8185	0.886394	0.940731	0.978426	0.997254	0.99604	0.9748	0.934635	0.877649	0.806698	0.725076	0.636248	0.5434	0.449174	0.355576	0.263803	0.174239	0.0865798	0	

0.0555762	0.077283	0.105368	0.140843	0.184559	0.237077	0.298518	0.368439	0.445706	0.528463	0.614105	0.699405	0.780652	0.853929	0.915406	0.961648	0.989975	0.998638	0.987026	0.955645	0.906037	0.840661	0.762545	0.675007	0.58126	0.484082	0.385736	0.287756	0.190841	0.0950563	0	

0.0467706	0.0656869	0.0904525	0.122118	0.161628	0.209709	0.266715	0.332506	0.406298	0.486601	0.571174	0.657077	0.740814	0.818517	0.886275	0.940395	0.977784	0.996172	0.994315	0.972103	0.930487	0.871441	0.797661	0.712216	0.618263	0.518698	0.415987	0.311975	0.207726	0.103715	0	

0.0391639	0.0555518	0.0772607	0.105352	0.140837	0.184569	0.237107	0.298571	0.368516	0.445806	0.528575	0.614209	0.699469	0.780621	0.853738	0.914963	0.960847	0.988649	0.99652	0.983714	0.950583	0.898541	0.829863	0.747299	0.653864	0.552528	0.445914	0.336135	0.22467	0.112447	0	

0.0326308	0.0467457	0.0656631	0.0904332	0.122107	0.161629	0.209728	0.266755	0.332569	0.406379	0.486692	0.571247	0.657097	0.740718	0.818231	0.8857	0.939394	0.976148	0.99356	0.990249	0.965956	0.921486	0.858597	0.779667	0.687492	0.58504	0.47505	0.359874	0.241425	0.121124	0	

0.0270519	0.0391392	0.0555274	0.0772385	0.105337	0.140831	0.184579	0.237133	0.298619	0.368576	0.445868	0.528609	0.614169	0.699289	0.780215	0.852996	0.91371	0.958816	0.985424	0.991543	0.976289	0.93983	0.883324	0.808727	0.718553	0.615669	0.502891	0.382795	0.257717	0.129594	0	

0.0223149	0.0326069	0.0467211	0.0656391	0.090414	0.122095	0.16163	0.209743	0.266785	0.332606	0.406405	0.486675	0.571131	0.656813	0.740165	0.817278	0.884127	0.936863	0.972171	0.987498	0.981326	0.953167	0.903533	0.833896	0.746439	0.643827	0.528904	0.404472	0.273249	0.137698	0	

0.0183157	0.0270293	0.0391147	0.0555026	0.0772164	0.10532	0.140823	0.184582	0.237144	0.298628	0.368558	0.445787	0.528399	0.613755	0.698556	0.778996	0.85102	0.910558	0.953927	0.978084	0.980871	0.96114	0.918746	0.854614	0.77054	0.66891	0.552542	0.424452	0.2877	0.145265	0	

0.0149582	0.0222939	0.0325829	0.0466963	0.0656147	0.0903936	0.122078	0.161621	0.209731	0.26676	0.332534	0.406243	0.486352	0.570558	0.655858	0.738613	0.814794	0.880213	0.930884	0.963332	0.974792	0.963452	0.928529	0.870351	0.790256	0.690312	0.573252	0.442269	0.300731	0.152125	0	

0.0121552	0.0182961	0.0270064	0.0390902	0.0554768	0.0771921	0.105296	0.140799	0.184546	0.237076	0.298492	0.368299	0.445329	0.527635	0.612524	0.696587	0.77588	0.846185	0.90329	0.943338	0.963018	0.959874	0.932504	0.880614	0.805014	0.707439	0.590485	0.457449	0.311997	0.158106	0	

0.0098282	0.0149401	0.0222724	0.0325588	0.0466699	0.0655863	0.0903619	0.122037	0.161555	0.209612	0.266546	0.332158	0.405623	0.485357	0.568984	0.65337	0.734721	0.80886	0.871436	0.918256	0.945544	0.950244	0.930354	0.884954	0.814283	0.719725	0.603701	0.469528	0.321156	0.163035	0	

0.00790706	0.0121387	0.0182764	0.0269828	0.0390632	0.055444	0.0771508	0.105233	0.140696	0.184365	0.236767	0.297979	0.367483	0.444051	0.525633	0.609395	0.691761	0.768647	0.835646	0.888296	0.922428	0.934473	0.921833	0.882983	0.817586	0.72665	0.612384	0.47806	0.327879	0.166736	0	

0.00632972	0.00981337	0.0149219	0.0222494	0.0325307	0.046632	0.0655322	0.0902736	0.121887	0.161299	0.209189	0.265871	0.331107	0.403998	0.482826	0.565071	0.647432	0.725964	0.796272	0.85371	0.893795	0.912536	0.906765	0.874381	0.81451	0.727748	0.616057	0.482632	0.331865	0.16904	0	

0.00504177	0.00789388	0.0121216	0.0182538	0.0269522	0.0390186	0.0553726	0.0770304	0.105026	0.140351	0.183806	0.2359	0.296643	0.365428	0.440873	0.520776	0.602147	0.681227	0.753684	0.81479	0.859831	0.884476	0.88505	0.858914	0.804717	0.722619	0.614302	0.482871	0.332839	0.169792	0	

0.00399585	0.00631799	0.00979709	0.0148992	0.022215	0.0324761	0.0465377	0.0653701	0.0899953	0.121433	0.160582	0.208089	0.264188	0.328522	0.400034	0.476848	0.556289	0.634836	0.70826	0.771857	0.820773	0.850404	0.856663	0.836438	0.787955	0.710942	0.606774	0.478465	0.330562	0.168859	0	

0.00315111	0.00503108	0.00787792	0.0120975	0.0182135	0.0268829	0.0388944	0.0551568	0.0766662	0.104442	0.139445	0.182424	0.233789	0.293408	0.360518	0.433576	0.510209	0.587165	0.660382	0.725258	0.776898	0.810495	0.821661	0.806904	0.764067	0.692482	0.593215	0.469164	0.324838	0.166138	0	

0.00247257	0.00398567	0.00630163	0.00976947	0.0148497	0.0221245	0.0323129	0.046254	0.0649023	0.0892554	0.1203	0.158854	0.205452	0.260166	0.322489	0.391197	0.464209	0.538561	0.61042	0.675352	0.728516	0.764983	0.780185	0.770357	0.732998	0.667108	0.573467	0.4548	0.315525	0.16156	0	

0.00193046	0.00314079	0.00501304	0.00784416	0.0120341	0.0180938	0.0266687	0.038527	0.0545633	0.0757405	0.103031	0.137293	0.179142	0.228824	0.286054	0.349893	0.418544	0.489334	0.558728	0.622508	0.675964	0.714159	0.732456	0.726933	0.694803	0.634803	0.547467	0.435288	0.302542	0.155085	0	

0.00149969	0.00246124	0.00396395	0.00625825	0.00968545	0.0146913	0.0218446	0.0318435	0.0455083	0.0637525	0.0875032	0.117627	0.154788	0.199367	0.251269	0.30979	0.373413	0.439758	0.505634	0.567085	0.6196	0.658366	0.678778	0.676864	0.649647	0.59567	0.515262	0.410639	0.285884	0.146704	0	

0.00115923	0.00191685	0.00311258	0.0049553	0.00773114	0.0118252	0.0177312	0.0260757	0.0375971	0.0531399	0.0735671	0.0997188	0.132288	0.17174	0.218139	0.270962	0.328962	0.390065	0.451434	0.50943	0.559802	0.597988	0.619524	0.620474	0.597806	0.549936	0.477009	0.380962	0.265624	0.136444	0	

0.000891595	0.0014819	0.00242281	0.00388542	0.00610609	0.00941171	0.0142269	0.0211014	0.0306903	0.0437473	0.0610609	0.0834135	0.111506	0.145847	0.186612	0.233427	0.285286	0.340439	0.396392	0.449871	0.49696	0.533451	0.555128	0.558186	0.539671	0.497943	0.432981	0.346467	0.241906	0.12437	0	

0.000682328	0.00113451	0.00186334	0.00300488	0.00475203	0.00737522	0.0112369	0.0168051	0.0246498	0.0354179	0.0498133	0.0685418	0.0922853	0.121559	0.156597	0.197152	0.242433	0.291012	0.340731	0.388715	0.431471	0.465214	0.486081	0.490509	0.475738	0.440147	0.38357	0.307464	0.214948	0.110588	0	

0.000519575	0.000856227	0.00140696	0.0022756	0.00361678	0.00564809	0.00867319	0.0130774	0.0193394	0.0279945	0.0396479	0.0549228	0.0744459	0.0987111	0.12796	0.162057	0.200404	0.24187	0.284638	0.326254	0.363731	0.393761	0.412929	0.418037	0.406604	0.377109	0.329281	0.264362	0.185031	0.0952513	0	

0.000393669	0.000631413	0.00102998	0.00166435	0.00265391	0.00416918	0.00645391	0.00981376	0.0146267	0.02132	0.0303871	0.0423648	0.0577909	0.0771075	0.100534	0.128024	0.159154	0.193054	0.228257	0.262759	0.294131	0.319595	0.336265	0.341433	0.332959	0.309492	0.270723	0.217661	0.152504	0.0785474	0	

0.000296786	0.000446769	0.000711901	0.00114182	0.00182235	0.00288246	0.00450315	0.00691306	0.0103837	0.0152384	0.0218533	0.0306682	0.0421076	0.0565305	0.0741226	0.0948997	0.118595	0.144562	0.1717	0.198482	0.223056	0.243232	0.256728	0.261422	0.255569	0.238053	0.208596	0.167938	0.11778	0.0606969	0	

0.00022263	0.000290886	0.00043498	0.000681881	0.00108559	0.00173575	0.00274953	0.00427731	0.0064864	0.0095965	0.0138689	0.0196271	0.0271696	0.0367451	0.0485069	0.0625045	0.0786045	0.0963635	0.115055	0.133654	0.150882	0.165201	0.174992	0.178777	0.175266	0.163631	0.143671	0.115843	0.0813256	0.0419439	0	

0.00016617	0.000153946	0.000183737	0.000261109	0.000410395	0.000679872	0.00112428	0.00181173	0.00281413	0.0042449	0.00625568	0.00903167	0.0127393	0.0175057	0.0234496	0.0306344	0.039028	0.0483978	0.0583868	0.0684827	0.0779811	0.0860386	0.0917568	0.0943092	0.0929338	0.0871302	0.0767809	0.0620765	0.0436564	0.0225509	0	

0.00012341	2.74993e-005	-5.56217e-005	-0.000141701	-0.000234783	-0.000332317	-0.000440256	-0.000575183	-0.000751141	-0.00096182	-0.00116644	-0.00133104	-0.00142655	-0.00143958	-0.00129771	-0.000933785	-0.000304699	0.000586689	0.00174496	0.00316262	0.0047207	0.0062921	0.00773037	0.00886066	0.00949545	0.00949348	0.00880319	0.00738211	0.00531645	0.00279692	0	

9.1196e-005	-9.57525e-005	-0.000295719	-0.000546259	-0.000881073	-0.0013471	-0.00201154	-0.00297234	-0.00432509	-0.00616703	-0.00857857	-0.0116765	-0.0155718	-0.0203462	-0.0259896	-0.0324357	-0.0395719	-0.0471578	-0.0548321	-0.0621224	-0.0685364	-0.0734876	-0.0763729	-0.0767117	-0.074102	-0.0683151	-0.0593571	-0.0474732	-0.0331369	-0.0170263	0	

6.70548e-005	-0.000222256	-0.000548449	-0.000971867	-0.00156014	-0.00241145	-0.00365684	-0.0054674	-0.00802122	-0.0115145	-0.0161621	-0.0222211	-0.0299366	-0.0394698	-0.0508819	-0.06411	-0.0789514	-0.0949243	-0.111313	-0.127189	-0.141428	-0.152751	-0.15984	-0.161548	-0.156906	-0.145332	-0.126787	-0.101716	-0.0711471	-0.0366208	0	

4.90584e-005	-0.000357972	-0.000825463	-0.00143865	-0.0023049	-0.00357422	-0.00544331	-0.0081481	-0.011952	-0.0171503	-0.0240982	-0.0331795	-0.0447554	-0.0590627	-0.0762279	-0.0961873	-0.118614	-0.142795	-0.167666	-0.191846	-0.213591	-0.230957	-0.241963	-0.244798	-0.237978	-0.220607	-0.192586	-0.154585	-0.108169	-0.0556922	0	

3.57129e-005	-0.000508789	-0.00113887	-0.00196864	-0.00315034	-0.0048868	-0.00743851	-0.0111033	-0.0162311	-0.0232231	-0.0325672	-0.0447609	-0.0602565	-0.0793695	-0.102272	-0.128881	-0.158714	-0.190838	-0.223846	-0.255896	-0.284661	-0.307575	-0.322045	-0.325636	-0.316415	-0.293222	-0.255893	-0.205353	-0.143677	-0.0739604	0	

2.58681e-005	-0.00068098	-0.00150215	-0.00258653	-0.00413434	-0.00640301	-0.00971174	-0.014424	-0.0209758	-0.0298834	-0.0417479	-0.0571671	-0.0766611	-0.100623	-0.129241	-0.162379	-0.199387	-0.239101	-0.279787	-0.319125	-0.354269	-0.382084	-0.39941	-0.403275	-0.391362	-0.362307	-0.3159	-0.253339	-0.177177	-0.0911686	0	

1.86438e-005	-0.000881727	-0.00193118	-0.00332018	-0.0052984	-0.008179	-0.0123355	-0.0182041	-0.0263089	-0.0372822	-0.0518165	-0.070591	-0.0941816	-0.123039	-0.15734	-0.196845	-0.240735	-0.287608	-0.335391	-0.381306	-0.422046	-0.453972	-0.473412	-0.476973	-0.462028	-0.427057	-0.371872	-0.297928	-0.208217	-0.107088	0	

1.337e-005	-0.00111971	-0.00244501	-0.00420099	-0.00668784	-0.0102737	-0.0153869	-0.0225428	-0.0323585	-0.0455705	-0.0629442	-0.0852178	-0.113018	-0.146815	-0.186738	-0.232405	-0.282829	-0.336342	-0.390528	-0.442195	-0.487622	-0.522743	-0.543449	-0.546048	-0.527691	-0.486759	-0.423159	-0.338579	-0.236406	-0.121519	0	

9.54018e-006	-0.0014057	-0.00306642	-0.00526436	-0.00835178	-0.0127499	-0.0189485	-0.0275458	-0.0392564	-0.0548982	-0.0752957	-0.101225	-0.133352	-0.172121	-0.217571	-0.269154	-0.325694	-0.385244	-0.445037	-0.501526	-0.550624	-0.587912	-0.608962	-0.609889	-0.587716	-0.540799	-0.469205	-0.374836	-0.261419	-0.134293	0	

6.77345e-006	-0.00175301	-0.00382201	-0.00654989	-0.0103431	-0.0156758	-0.0231092	-0.0333265	-0.0471361	-0.0654138	-0.0890289	-0.11878	-0.155345	-0.199096	-0.249936	-0.307141	-0.369311	-0.434207	-0.498719	-0.55901	-0.610676	-0.649026	-0.66945	-0.667961	-0.641561	-0.588675	-0.509563	-0.406335	-0.283008	-0.145277	0	

4.78512e-006	-0.00217755	-0.00474217	-0.00810151	-0.0127189	-0.0191264	-0.0279652	-0.0400044	-0.0561319	-0.0772625	-0.104295	-0.138037	-0.179133	-0.227841	-0.28389	-0.346368	-0.413608	-0.483074	-0.551348	-0.61434	-0.667402	-0.705662	-0.724464	-0.71981	-0.68879	-0.630001	-0.543897	-0.432814	-0.300999	-0.154376	0	

3.3636e-006	-0.00269758	-0.00586083	-0.00996736	-0.0155419	-0.0231843	-0.0336206	-0.0477035	-0.0663773	-0.0905853	-0.121237	-0.159131	-0.204822	-0.25842	-0.319451	-0.386785	-0.458462	-0.531644	-0.602657	-0.66719	-0.720431	-0.757438	-0.77362	-0.765074	-0.729083	-0.664504	-0.571992	-0.454115	-0.315292	-0.161539	0	

2.35258e-006	-0.00333307	-0.00721509	-0.0121999	-0.0188813	-0.02794	-0.0401868	-0.0565493	-0.078005	-0.105517	-0.139987	-0.182172	-0.232486	-0.290856	-0.356585	-0.428286	-0.503691	-0.579672	-0.652347	-0.717219	-0.769405	-0.804013	-0.816599	-0.803483	-0.762236	-0.69203	-0.593751	-0.470184	-0.325856	-0.166756	0	

1.63724e-006	-0.00410509	-0.00884479	-0.0148562	-0.0228145	-0.0334921	-0.047781	-0.0666672	-0.0911455	-0.122187	-0.160665	-0.207244	-0.262162	-0.32513	-0.395211	-0.470713	-0.549064	-0.626874	-0.700089	-0.76408	-0.813989	-0.845087	-0.853159	-0.834865	-0.788155	-0.712545	-0.609195	-0.481068	-0.33273	-0.170062	0	

1.13373e-006	-0.00503521	-0.0107921	-0.0179988	-0.0274269	-0.0399461	-0.0565234	-0.0781819	-0.105925	-0.140715	-0.183366	-0.234399	-0.293849	-0.36118	-0.435191	-0.513851	-0.594302	-0.672929	-0.745526	-0.807424	-0.853874	-0.88041	-0.883133	-0.85915	-0.806856	-0.72613	-0.618449	-0.486903	-0.336024	-0.17152	0	

7.81149e-007	-0.00614531	-0.0131015	-0.0216962	-0.0328114	-0.0474138	-0.066535	-0.0912164	-0.122465	-0.161206	-0.208161	-0.263656	-0.327504	-0.398899	-0.476332	-0.557437	-0.639084	-0.717477	-0.788291	-0.846909	-0.888785	-0.909785	-0.906437	-0.876364	-0.818456	-0.732983	-0.621743	-0.48791	-0.335916	-0.171226	0	

5.35535e-007	-0.00745776	-0.0158202	-0.0260233	-0.0390668	-0.0560101	-0.0779354	-0.105891	-0.140876	-0.183749	-0.235088	-0.295	-0.363044	-0.438126	-0.51839	-0.601158	-0.683054	-0.760133	-0.82801	-0.882213	-0.918482	-0.933079	-0.923065	-0.886625	-0.823171	-0.7334	-0.619394	-0.484381	-0.332637	-0.1693	0	

3.65317e-007	-0.00899604	-0.0189986	-0.0310598	-0.0462963	-0.0658508	-0.090842	-0.122322	-0.161257	-0.208406	-0.264157	-0.328375	-0.400342	-0.478648	-0.561074	-0.644661	-0.72582	-0.80049	-0.864313	-0.913037	-0.942765	-0.950225	-0.933093	-0.890139	-0.821312	-0.727764	-0.611798	-0.476672	-0.326462	-0.165884	0	

2.47959e-007	-0.0107856	-0.0226912	-0.0368894	-0.0546043	-0.0770495	-0.105369	-0.140615	-0.18369	-0.235213	-0.29534	-0.363685	-0.439224	-0.520198	-0.604048	-0.687558	-0.766966	-0.838138	-0.896845	-0.939117	-0.961487	-0.96123	-0.936672	-0.88719	-0.813279	-0.716528	-0.599416	-0.465196	-0.317697	-0.161143	0	

1.67464e-007	-0.0128549	-0.0269564	-0.0435974	-0.0640938	-0.0897155	-0.121626	-0.160863	-0.208232	-0.264168	-0.328576	-0.400792	-0.479463	-0.562467	-0.646936	-0.72943	-0.806055	-0.872672	-0.925272	-0.960226	-0.974557	-0.966164	-0.934025	-0.87814	-0.799541	-0.700207	-0.582762	-0.450403	-0.306671	-0.155255	0	

1.12535e-007	-0.0152355	-0.0318559	-0.0512684	-0.0748634	-0.103952	-0.139713	-0.183143	-0.234915	-0.29524	-0.363762	-0.439512	-0.520784	-0.605101	-0.689332	-0.769836	-0.842644	-0.903706	-0.949291	-0.976184	-0.981951	-0.965167	-0.925447	-0.863416	-0.780624	-0.679362	-0.562382	-0.432769	-0.293726	-0.148409	0	

7.52462e-008	-0.017962	-0.0374528	-0.0599841	-0.0870053	-0.119856	-0.159715	-0.207506	-0.263733	-0.328359	-0.400753	-0.47961	-0.562866	-0.647714	-0.730797	-0.80832	-0.8763	-0.930873	-0.968642	-0.986865	-0.983713	-0.958442	-0.911297	-0.843507	-0.757094	-0.654591	-0.538847	-0.41278	-0.279214	-0.14079	0	

5.00622e-008	-0.0210703	-0.0438091	-0.0698212	-0.100603	-0.13751	-0.181699	-0.233977	-0.294649	-0.363418	-0.439359	-0.520808	-0.605346	-0.689886	-0.770873	-0.84442	-0.906607	-0.953843	-0.98311	-0.992207	-0.97995	-0.946253	-0.89199	-0.818946	-0.729545	-0.626513	-0.512734	-0.390917	-0.263488	-0.132581	0	

3.31408e-008	-0.0245954	-0.050983	-0.0808497	-0.115731	-0.156983	-0.205702	-0.262544	-0.327588	-0.400269	-0.47934	-0.562777	-0.647826	-0.731171	-0.809091	-0.877682	-0.93318	-0.972325	-0.992541	-0.992216	-0.970832	-0.928927	-0.867992	-0.790299	-0.698591	-0.59575	-0.484613	-0.367653	-0.246894	-0.123953	0	

2.18296e-008	-0.0285681	-0.0590259	-0.0931306	-0.13245	-0.178321	-0.231735	-0.29316	-0.362434	-0.438716	-0.520412	-0.605149	-0.689881	-0.7711	-0.844979	-0.907674	-0.955668	-0.986079	-0.996841	-0.986964	-0.956588	-0.906848	-0.839809	-0.758152	-0.664857	-0.562916	-0.455038	-0.34344	-0.229755	-0.115072	0	

1.43073e-008	-0.0330128	-0.0679796	-0.106714	-0.150805	-0.201543	-0.259768	-0.325736	-0.399031	-0.478515	-0.562243	-0.647519	-0.731058	-0.809196	-0.878073	-0.933994	-0.973765	-0.994925	-0.995986	-0.976593	-0.937508	-0.880448	-0.807974	-0.723098	-0.628963	-0.528598	-0.424534	-0.318705	-0.212366	-0.106095	0	

9.33027e-009	-0.0379456	-0.0778744	-0.121635	-0.170821	-0.226635	-0.289736	-0.360143	-0.437173	-0.519374	-0.604461	-0.689456	-0.770886	-0.844979	-0.907932	-0.95628	-0.987213	-0.998751	-0.990022	-0.961303	-0.913938	-0.850198	-0.773042	-0.685731	-0.591513	-0.493357	-0.393589	-0.293843	-0.194995	-0.0971611	0	

6.05429e-009	-0.0433737	-0.0887263	-0.137911	-0.192492	-0.253547	-0.321528	-0.396203	-0.476607	-0.560954	-0.646656	-0.730502	-0.808882	-0.877979	-0.934142	-0.974217	-0.995817	-0.997515	-0.979065	-0.941356	-0.886278	-0.816598	-0.735573	-0.646639	-0.553079	-0.457713	-0.362649	-0.269205	-0.177876	-0.0883955	0	

3.90894e-009	-0.0492961	-0.100535	-0.155535	-0.215781	-0.282189	-0.354993	-0.433695	-0.517026	-0.602872	-0.688387	-0.770183	-0.844559	-0.907749	-0.956335	-0.987539	-0.99945	-0.991247	-0.963298	-0.917071	-0.854971	-0.780163	-0.696129	-0.606392	-0.514194	-0.422145	-0.332114	-0.245096	-0.16122	-0.0799011	0	

2.51121e-009	-0.0557039	-0.113284	-0.174469	-0.240609	-0.312428	-0.38993	-0.472342	-0.558073	-0.644708	-0.72919	-0.808011	-0.877442	-0.933871	-0.974185	-0.996042	-0.998058	-0.980046	-0.942965	-0.888821	-0.820489	-0.741425	-0.655261	-0.56553	-0.475346	-0.387081	-0.302332	-0.221771	-0.145202	-0.0717607	0	

1.60523e-009	-0.0625803	-0.126933	-0.194641	-0.266855	-0.344087	-0.426095	-0.511819	-0.599346	-0.686006	-0.768578	-0.843493	-0.907078	-0.955968	-0.987426	-0.99959	-0.991665	-0.964083	-0.91837	-0.857028	-0.783327	-0.700913	-0.613501	-0.524555	-0.436977	-0.352895	-0.273595	-0.199443	-0.129965	-0.0640401	0	

1.02098e-009	-0.0698994	-0.14142	-0.215938	-0.294355	-0.376938	-0.463187	-0.551746	-0.640402	-0.726283	-0.806054	-0.876146	-0.933043	-0.973711	-0.995847	-0.99812	-0.980361	-0.943591	-0.889872	-0.822148	-0.743988	-0.659153	-0.571358	-0.483922	-0.399481	-0.319904	-0.246145	-0.178283	-0.115616	-0.0567904	0	

6.46143e-010	-0.0776234	-0.156656	-0.238209	-0.322895	-0.410705	-0.500857	-0.591697	-0.680765	-0.765034	-0.841112	-0.905503	-0.954954	-0.986825	-0.999307	-0.991647	-0.964309	-0.918866	-0.857875	-0.784661	-0.702982	-0.616654	-0.529305	-0.444037	-0.3632	-0.288366	-0.220167	-0.15842	-0.102226	-0.050049	0	

4.06881e-010	-0.0856992	-0.172521	-0.261262	-0.352216	-0.445057	-0.538698	-0.631205	-0.71993	-0.801739	-0.873251	-0.931128	-0.972475	-0.995097	-0.997736	-0.980259	-0.943735	-0.890257	-0.822826	-0.74506	-0.660814	-0.5739	-0.487771	-0.405259	-0.328418	-0.258485	-0.195801	-0.139944	-0.0898397	-0.0438392	0	

2.54938e-010	-0.0940555	-0.188866	-0.284869	-0.382008	-0.479609	-0.576257	-0.669769	-0.757367	-0.835872	-0.901984	-0.952625	-0.985318	-0.998377	-0.99114	-0.964113	-0.918926	-0.858163	-0.785195	-0.703841	-0.61798	-0.531342	-0.447141	-0.367898	-0.295362	-0.230415	-0.173141	-0.122905	-0.0784783	-0.0381693	0	

1.58939e-010	-0.1026	-0.205508	-0.308758	-0.411915	-0.513922	-0.613032	-0.706855	-0.792533	-0.86691	-0.926853	-0.969639	-0.993257	-0.996588	-0.979602	-0.943432	-0.890226	-0.823021	-0.745469	-0.661496	-0.574952	-0.489393	-0.407748	-0.332212	-0.264201	-0.204261	-0.152238	-0.107317	-0.0681453	-0.0330338	0	

9.85948e-011	-0.111222	-0.222236	-0.332625	-0.441535	-0.547512	-0.648487	-0.741907	-0.824877	-0.894342	-0.947437	-0.981865	-0.99613	-0.989724	-0.963271	-0.918496	-0.85803	-0.785294	-0.70414	-0.618509	-0.53217	-0.448422	-0.369882	-0.298405	-0.235056	-0.180085	-0.133109	-0.0931646	-0.0588264	-0.0284173	0	

6.08566e-011	-0.119792	-0.238808	-0.356122	-0.470423	-0.579852	-0.682055	-0.774348	-0.853847	-0.917686	-0.963358	-0.989055	-0.993839	-0.977853	-0.942365	-0.889641	-0.822769	-0.745465	-0.661692	-0.575345	-0.490035	-0.408751	-0.33378	-0.266629	-0.208003	-0.157905	-0.115737	-0.0804128	-0.0504889	-0.0242983	0	

3.73757e-011	-0.128168	-0.254955	-0.378867	-0.498094	-0.610388	-0.713148	-0.803594	-0.878907	-0.936491	-0.97429	-0.991021	-0.986361	-0.961111	-0.917153	-0.857252	-0.784902	-0.704021	-0.618601	-0.53244	-0.448905	-0.370657	-0.299631	-0.236982	-0.183081	-0.137706	-0.100074	-0.0690098	-0.0430839	-0.020652	0	

2.28401e-011	-0.136199	-0.270383	-0.400441	-0.524033	-0.638542	-0.741165	-0.82906	-0.899538	-0.950355	-0.97996	-0.987645	-0.97374	-0.939696	-0.887959	-0.821754	-0.744904	-0.661443	-0.575325	-0.490191	-0.409096	-0.334367	-0.267574	-0.20952	-0.160288	-0.119441	-0.0860512	-0.0588901	-0.0365515	-0.0174502	0	

1.3888e-011	-0.143727	-0.284781	-0.420401	-0.547704	-0.663727	-0.765504	-0.850175	-0.915259	-0.958921	-0.980155	-0.978876	-0.956089	-0.913862	-0.855151	-0.783597	-0.703255	-0.618201	-0.532295	-0.448951	-0.370877	-0.300059	-0.237701	-0.184261	-0.13959	-0.103039	-0.0735845	-0.0499749	-0.0308277	-0.0146609	0	

8.40241e-012	-0.150587	-0.297822	-0.438283	-0.568557	-0.685354	-0.78557	-0.866398	-0.925629	-0.961884	-0.974727	-0.964734	-0.933582	-0.88391	-0.819136	-0.743246	-0.660428	-0.574747	-0.489904	-0.409028	-0.334471	-0.267864	-0.210055	-0.161193	-0.12092	-0.0884089	-0.0625776	-0.0421743	-0.0258484	-0.0122477	0	

5.05826e-012	-0.15661	-0.30917	-0.45362	-0.586044	-0.702839	-0.800794	-0.877227	-0.930261	-0.959	-0.963595	-0.945308	-0.90645	-0.850187	-0.780344	-0.701164	-0.616887	-0.531502	-0.448505	-0.370682	-0.30005	-0.237867	-0.184644	-0.14027	-0.104188	-0.0754473	-0.0529265	-0.0353922	-0.0215497	-0.0101724	0	

3.02987e-012	-0.161621	-0.318493	-0.465954	-0.599628	-0.715619	-0.810642	-0.88221	-0.928824	-0.950085	-0.946748	-0.920744	-0.87497	-0.813071	-0.739219	-0.657809	-0.573068	-0.488853	-0.408398	-0.334133	-0.267739	-0.210107	-0.161443	-0.121417	-0.0892904	-0.0640394	-0.0445209	-0.0295321	-0.0178668	-0.00839813	0	

1.80583e-012	-0.165446	-0.325466	-0.474844	-0.608795	-0.723161	-0.814632	-0.880961	-0.921055	-0.935026	-0.924239	-0.891241	-0.839463	-0.77297	-0.696207	-0.613622	-0.529381	-0.447144	-0.369837	-0.299549	-0.237617	-0.184587	-0.1404	-0.104538	-0.07611	-0.0540634	-0.0372467	-0.0245022	-0.0147325	-0.0068912	0	

1.07092e-012	-0.167916	-0.32978	-0.479881	-0.61307	-0.724984	-0.812342	-0.873159	-0.906762	-0.913784	-0.896183	-0.857048	-0.80028	-0.730304	-0.651741	-0.569022	-0.486194	-0.406666	-0.33303	-0.267053	-0.209719	-0.161276	-0.121436	-0.0895155	-0.0645235	-0.0453936	-0.0309896	-0.0202153	-0.0120799	-0.00562158	0	

6.31927e-013	-0.168874	-0.331157	-0.480693	-0.612032	-0.720675	-0.803423	-0.85856	-0.885829	-0.886391	-0.862748	-0.818451	-0.757799	-0.685493	-0.606236	-0.524395	-0.443832	-0.367659	-0.298135	-0.236715	-0.184041	-0.140114	-0.104451	-0.0762235	-0.0544012	-0.0379042	-0.0256391	-0.0165875	-0.00984618	-0.00456095	0	

3.71026e-013	-0.168186	-0.329349	-0.47696	-0.605325	-0.709897	-0.787608	-0.837	-0.858225	-0.852952	-0.824154	-0.775768	-0.712406	-0.638946	-0.560086	-0.480087	-0.402565	-0.330314	-0.265265	-0.208562	-0.160548	-0.121016	-0.0893226	-0.0645313	-0.045609	-0.0314718	-0.0210912	-0.0135368	-0.00797615	-0.00368123	0	

2.16757e-013	-0.165743	-0.324157	-0.46842	-0.592675	-0.69241	-0.764719	-0.808405	-0.824003	-0.813638	-0.780668	-0.729345	-0.664492	-0.59105	-0.513651	-0.436398	-0.362615	-0.294767	-0.234479	-0.182579	-0.139173	-0.103875	-0.0759182	-0.054305	-0.0380119	-0.0259777	-0.0172492	-0.010984	-0.00642225	-0.00295479	0	

1.25999e-013	-0.161471	-0.31543	-0.454882	-0.573901	-0.668073	-0.734681	-0.772794	-0.783296	-0.768678	-0.732598	-0.679543	-0.614432	-0.542166	-0.467253	-0.393576	-0.324148	-0.261109	-0.205788	-0.158718	-0.119824	-0.0885687	-0.0640983	-0.0454075	-0.0314787	-0.0213093	-0.0140225	-0.00885677	-0.00514168	-0.0023564	0	

7.28771e-014	-0.155322	-0.30308	-0.436241	-0.548921	-0.636851	-0.697526	-0.730287	-0.736315	-0.718357	-0.680288	-0.626729	-0.562585	-0.492621	-0.421163	-0.351815	-0.287276	-0.229378	-0.179158	-0.136899	-0.102382	-0.0749567	-0.053722	-0.0376995	-0.0258844	-0.0173609	-0.0113256	-0.00709185	-0.00409336	-0.00186513	0	

4.19415e-014	-0.147284	-0.287084	-0.412484	-0.517759	-0.598821	-0.653399	-0.681103	-0.683342	-0.663013	-0.624109	-0.571271	-0.509284	-0.442702	-0.3756	-0.311256	-0.252063	-0.199566	-0.154516	-0.117014	-0.0867118	-0.0628909	-0.0446476	-0.0310424	-0.0211123	-0.014034	-0.00907863	-0.00563547	-0.00323743	-0.00146455	0	

2.40173e-014	-0.137376	-0.267491	-0.3837	-0.48055	-0.554176	-0.602559	-0.625558	-0.624732	-0.603029	-0.564449	-0.513528	-0.454836	-0.392654	-0.330726	-0.271983	-0.218522	-0.171613	-0.13176	-0.0989274	-0.0726603	-0.0522183	-0.0367316	-0.0253032	-0.0170525	-0.0112373	-0.00720936	-0.00444012	-0.00253764	-0.00114098	0	

1.36847e-014	-0.125655	-0.244425	-0.350081	-0.43754	-0.503226	-0.545379	-0.564063	-0.560908	-0.53883	-0.501708	-0.453844	-0.399516	-0.342669	-0.286647	-0.23403	-0.186618	-0.145423	-0.110757	-0.0824806	-0.0600638	-0.0427834	-0.0298293	-0.0203577	-0.013601	-0.00888704	-0.00565448	-0.00346127	-0.0019642	-0.000881276	0	

7.75839e-015	-0.112214	-0.218083	-0.311916	-0.389092	-0.446398	-0.482338	-0.497113	-0.492357	-0.470874	-0.436283	-0.392546	-0.343567	-0.29289	-0.243419	-0.197377	-0.156266	-0.120863	-0.0913498	-0.0674972	-0.0487502	-0.034429	-0.0237968	-0.0160903	-0.0106597	-0.00690678	-0.00435919	-0.00265629	-0.0014942	-0.000671932	0	

4.37662e-015	-0.0971882	-0.188736	-0.269591	-0.335681	-0.384233	-0.41401	-0.425285	-0.419628	-0.399643	-0.368574	-0.329938	-0.287194	-0.243413	-0.201047	-0.161956	-0.12734	-0.097775	-0.0733569	-0.0537891	-0.038542	-0.0269961	-0.0184951	-0.0123914	-0.00813748	-0.00522759	-0.00327489	-0.00198639	-0.00110908	-0.000500137	0	

2.45659e-015	-0.0807535	-0.156717	-0.223578	-0.27789	-0.317378	-0.34106	-0.349228	-0.34332	-0.325644	-0.298975	-0.266304	-0.230562	-0.194288	-0.159493	-0.127653	-0.0996756	-0.0759722	-0.0565754	-0.0411601	-0.0292583	-0.0203237	-0.0137921	-0.00915448	-0.00595096	-0.00378747	-0.00235649	-0.0014192	-0.00079099	-0.000355518	0	

1.37201e-015	-0.0631225	-0.122425	-0.17443	-0.216396	-0.246576	-0.264236	-0.269655	-0.264073	-0.249399	-0.227877	-0.201903	-0.173797	-0.145533	-0.118677	-0.0943145	-0.0730783	-0.0552451	-0.0407884	-0.0294088	-0.0207157	-0.0142515	-0.00956225	-0.00627578	-0.00402421	-0.00253032	-0.0015614	-0.000929201	-0.000521043	-0.00023087	0	

7.62445e-016	-0.0445375	-0.0863106	-0.122775	-0.151959	-0.172646	-0.184354	-0.187335	-0.182555	-0.171443	-0.155667	-0.136969	-0.116993	-0.0971294	-0.0784838	-0.0617571	-0.047331	-0.0353613	-0.02577	-0.0183284	-0.0127298	-0.00862263	-0.00568273	-0.00365557	-0.0022867	-0.00140428	-0.000850408	-0.000495163	-0.000280566	-0.000121034	0	

4.21588e-016	-0.025262	-0.04887	-0.0693017	-0.0853993	-0.0964738	-0.102292	-0.103076	-0.0994551	-0.0923223	-0.0827272	-0.0717163	-0.0602168	-0.0490299	-0.03877	-0.0297743	-0.0221972	-0.0160716	-0.0112885	-0.00770843	-0.00511643	-0.00328534	-0.00203119	-0.00119978	-0.000670699	-0.000360312	-0.000189033	-9.62546e-005	-5.38419e-005	-2.08133e-005	0	

2.31952e-016	-0.00557337	-0.0106359	-0.0147455	-0.017585	-0.0189886	-0.018973	-0.0177172	-0.0154782	-0.0125863	-0.00943403	-0.00634114	-0.00351909	-0.00116199	0.000627976	0.00185408	0.00257397	0.00288277	0.00289247	0.00266479	0.00230689	0.00190786	0.00151476	0.00118049	0.00089068	0.000648915	0.000452734	0.000290074	0.000170538	7.6356e-005	0	

1.2698e-016	0.0142428	0.0278361	0.040128	0.0505878	0.058851	0.0646562	0.0678872	0.0686617	0.0672147	0.0638443	0.0589664	0.0530625	0.0465643	0.0398851	0.0333561	0.0272425	0.0217625	0.0170142	0.0130055	0.00971993	0.00710253	0.00507541	0.00357187	0.00246406	0.00166953	0.00110287	0.000687173	0.000401251	0.000177978	0	

6.91673e-017	0.0338968	0.0659831	0.0945439	0.118212	0.136077	0.147642	0.152878	0.152247	0.146535	0.136746	0.124018	0.109496	0.0942454	0.0791798	0.0649618	0.0520693	0.0408249	0.0313206	0.0235268	0.0172999	0.0124446	0.00876683	0.00606209	0.00411569	0.00274706	0.00179072	0.00111669	0.000647611	0.000290913	0	

3.74885e-017	0.0530986	0.10325	0.147738	0.184386	0.211729	0.229048	0.236404	0.234563	0.224837	0.208914	0.188621	0.165747	0.141973	0.118686	0.0968987	0.0773077	0.060322	0.0460543	0.0344395	0.0252224	0.0180808	0.0127013	0.00874172	0.00591163	0.00392757	0.00254908	0.00159739	0.000922041	0.00042028	0	

2.02171e-017	0.071564	0.139102	0.198974	0.248237	0.284878	0.307964	0.317632	0.31491	0.301591	0.27999	0.25258	0.221773	0.189822	0.158567	0.129384	0.103197	0.080498	0.0614506	0.045951	0.0336634	0.0241571	0.0169904	0.0117035	0.00791888	0.00525933	0.00341404	0.00214712	0.00123983	0.000569998	0	

1.08485e-017	0.0890238	0.173039	0.247559	0.308934	0.354641	0.383529	0.395766	0.39261	0.376276	0.349615	0.31569	0.277514	0.237845	0.198965	0.162618	0.129957	0.101586	0.077733	0.0582648	0.042799	0.0308178	0.0217491	0.0150405	0.0102071	0.00679448	0.00442346	0.00278667	0.00161693	0.000744652	0	

5.79228e-018	0.105233	0.204605	0.292862	0.365718	0.420203	0.454935	0.470055	0.467019	0.448382	0.417426	0.377739	0.332881	0.286065	0.239996	0.196772	0.157789	0.123803	0.0951106	0.0715783	0.0528051	0.0382059	0.0270972	0.0188459	0.0128502	0.00858979	0.00561628	0.00354288	0.00206833	0.000951183	0	

3.07722e-018	0.119978	0.233395	0.334318	0.417914	0.480832	0.521442	0.539809	0.537531	0.517411	0.483056	0.438496	0.387759	0.334472	0.281737	0.231986	0.186869	0.147342	0.113777	0.0860805	0.0638537	0.0464658	0.033159	0.0232147	0.0159267	0.0107066	0.00703391	0.00444866	0.00260899	0.00119917	0	

1.62666e-018	0.133084	0.259064	0.371446	0.464944	0.535889	0.582394	0.604407	0.603587	0.582884	0.546137	0.497711	0.442001	0.383017	0.324224	0.268357	0.217345	0.17237	0.133909	0.101949	0.0761109	0.0557451	0.0400607	0.028247	0.0195197	0.0132098	0.00872315	0.00554067	0.00325702	0.00149977	0	

8.55582e-019	0.144416	0.281336	0.403857	0.506342	0.584841	0.637228	0.663301	0.664676	0.64435	0.606301	0.555106	0.495424	0.43161	0.367441	0.305941	0.249329	0.199025	0.155665	0.119346	0.0897349	0.0661936	0.0479292	0.0340502	0.0237165	0.0161685	0.0107381	0.00685718	0.00403653	0.00186468	0	

4.4777e-019	0.153876	0.300012	0.431264	0.541748	0.627272	0.68549	0.716027	0.720346	0.701389	0.663181	0.610382	0.547815	0.480114	0.411325	0.344746	0.282888	0.227415	0.179179	0.138419	0.104875	0.0779602	0.056893	0.0407389	0.028609	0.0196561	0.0131401	0.00843853	0.00497809	0.00230632	0	

2.33174e-019	0.161402	0.314971	0.453484	0.57092	0.662882	0.726838	0.762204	0.770202	0.75362	0.716417	0.663217	0.598924	0.528347	0.455761	0.38473	0.318043	0.257612	0.204561	0.159294	0.121671	0.0911873	0.067084	0.0484328	0.0342951	0.0237524	0.0159953	0.0103299	0.00611664	0.00283924	0	

1.20819e-019	0.166972	0.326168	0.470439	0.593729	0.691497	0.761045	0.801545	0.813918	0.8007	0.765657	0.713282	0.648463	0.576078	0.500585	0.425799	0.354759	0.289653	0.231887	0.182079	0.14025	0.106008	0.0786368	0.057254	0.0408791	0.0285444	0.0193729	0.012584	0.00748893	0.0034816	0	

6.22896e-020	0.1706	0.333638	0.482154	0.610163	0.713063	0.787996	0.83386	0.851242	0.842329	0.810569	0.760239	0.696112	0.623033	0.545585	0.467804	0.392958	0.323527	0.261201	0.206856	0.160724	0.122545	0.0916853	0.0673261	0.0484722	0.0341266	0.0233456	0.0152611	0.0091329	0.00425527	0	

3.19539e-020	0.172339	0.337481	0.488747	0.620326	0.727645	0.807687	0.859062	0.881999	0.878251	0.850842	0.80375	0.741525	0.668896	0.590503	0.510542	0.432509	0.359176	0.292508	0.233685	0.183185	0.14091	0.106358	0.0787732	0.0571914	0.0405991	0.0279918	0.0184269	0.0110892	0.0051844	0	

1.63102e-020	0.17228	0.337858	0.490423	0.624429	0.735413	0.820218	0.877161	0.90609	0.908264	0.886199	0.843481	0.78434	0.71332	0.635028	0.553762	0.473234	0.396489	0.325774	0.262593	0.2077	0.161204	0.12277	0.0917196	0.0671567	0.0480669	0.0333979	0.022149	0.0134034	0.00629347	0	

8.28379e-021	0.170547	0.334984	0.487463	0.622782	0.736643	0.825789	0.888263	0.923499	0.932222	0.916397	0.87911	0.824187	0.755928	0.678811	0.597166	0.514904	0.435309	0.360923	0.29357	0.234312	0.183511	0.141027	0.106286	0.0784892	0.056639	0.0396583	0.0264964	0.0161262	0.00760648	0	

4.1862e-021	0.167288	0.329124	0.480217	0.615775	0.7317	0.824698	0.892561	0.934285	0.950049	0.941235	0.910334	0.860703	0.796323	0.721463	0.640416	0.55724	0.47543	0.397828	0.32657	0.263037	0.207896	0.161218	0.122588	0.091307	0.0664273	0.0468724	0.031541	0.0193111	0.00914759	0	

2.10495e-021	0.162667	0.320581	0.469091	0.603864	0.72103	0.817329	0.890331	0.938587	0.961737	0.960556	0.93688	0.893535	0.8341	0.762569	0.683135	0.599917	0.516601	0.436317	0.361499	0.293858	0.234394	0.183419	0.140724	0.105724	0.0775456	0.0551415	0.0373603	0.0230122	0.0109425	0	

1.05316e-021	0.156859	0.309689	0.454534	0.587556	0.705149	0.804141	0.88192	0.936619	0.967348	0.974258	0.958513	0.922349	0.868857	0.801702	0.724908	0.64257	0.55853	0.476172	0.398221	0.326722	0.263013	0.207688	0.160783	0.121844	0.0901061	0.0645653	0.0440371	0.0272823	0.0130189	0	

5.24293e-022	0.150044	0.296802	0.437023	0.567393	0.684621	0.785654	0.867744	0.928663	0.967009	0.982302	0.975046	0.946834	0.9002	0.838426	0.765297	0.684798	0.600879	0.517128	0.436554	0.361531	0.293726	0.234061	0.182831	0.139764	0.104215	0.075241	0.0516564	0.0321748	0.0154062	0	

2.59707e-022	0.142409	0.282283	0.417052	0.543949	0.660049	0.762436	0.84828	0.91507	0.960913	0.984714	0.986345	0.966718	0.927762	0.872315	0.803845	0.726171	0.64327	0.558877	0.476274	0.398143	0.326471	0.26254	0.206918	0.159561	0.119965	0.0872628	0.0603005	0.0377448	0.0181337	0	

1.28003e-022	0.13414	0.266489	0.395115	0.517807	0.632052	0.735086	0.824057	0.896244	0.949311	0.981588	0.992334	0.981775	0.951205	0.902951	0.840094	0.766239	0.685288	0.601073	0.517111	0.436369	0.361151	0.293095	0.233069	0.181297	0.137438	0.100718	0.0700452	0.0440504	0.0212303	0	

6.27745e-023	0.125424	0.249765	0.371695	0.489556	0.601254	0.704223	0.795642	0.872643	0.932516	0.973085	0.993002	0.991833	0.970231	0.929939	0.873596	0.804535	0.726491	0.643332	0.558752	0.475974	0.397619	0.325655	0.261282	0.205009	0.156694	0.115684	0.0809585	0.0511489	0.024724	0	

3.06323e-023	0.116438	0.232439	0.347259	0.459765	0.568277	0.670475	0.763625	0.844764	0.9109	0.959423	0.988403	0.996788	0.984588	0.952918	0.903922	0.840586	0.766416	0.685237	0.600843	0.516684	0.435683	0.360112	0.291517	0.230709	0.177774	0.132219	0.0930996	0.0590928	0.0286425	0	

1.4873e-023	0.107342	0.214818	0.322245	0.428977	0.533722	0.634468	0.728609	0.813137	0.884885	0.94088	0.97866	0.996601	0.994082	0.97157	0.930666	0.873932	0.804591	0.726338	0.642993	0.558183	0.475104	0.396311	0.323698	0.258376	0.200698	0.150362	0.106518	0.067925	0.0330125	0	

7.18538e-024	0.0982799	0.197185	0.297057	0.397692	0.498169	0.59681	0.691191	0.778318	0.854935	0.917787	0.963961	0.991304	0.998583	0.985628	0.953456	0.904129	0.84054	0.766168	0.684777	0.600114	0.515595	0.434053	0.357699	0.287952	0.225456	0.170126	0.121248	0.0776765	0.0378571	0	

3.45406e-024	0.0893739	0.179793	0.27206	0.366368	0.462157	0.558089	0.651962	0.740874	0.821547	0.890529	0.94456	0.980995	0.998029	0.994886	0.971961	0.930763	0.873795	0.804244	0.725743	0.642081	0.55683	0.473092	0.393351	0.319339	0.252003	0.191502	0.137303	0.088365	0.0431919	0	

1.65211e-024	0.080729	0.162863	0.247572	0.335414	0.426181	0.518853	0.611493	0.701372	0.785239	0.859536	0.920763	0.965841	0.992436	0.999203	0.985902	0.953459	0.903908	0.840085	0.765421	0.683652	0.598443	0.513129	0.430433	0.352394	0.280258	0.214452	0.154672	0.0999939	0.0490214	0	

7.86278e-025	0.0724352	0.146576	0.223867	0.30519	0.390681	0.47961	0.570335	0.660368	0.746541	0.825279	0.892933	0.94607	0.98189	0.998508	0.995062	0.971881	0.930456	0.873218	0.803324	0.724363	0.640029	0.553819	0.468679	0.386923	0.310093	0.238907	0.173316	0.112549	0.0553384	0	

3.72342e-025	0.0645674	0.131076	0.201169	0.276008	0.356039	0.440815	0.529004	0.6184	0.705985	0.788253	0.861477	0.921974	0.966548	0.992801	0.999292	0.985747	0.953054	0.90319	0.838962	0.763732	0.681147	0.594777	0.507769	0.422683	0.341338	0.26476	0.193164	0.125992	0.0621228	0	

1.75441e-025	0.0571846	0.116471	0.179656	0.248122	0.322582	0.402872	0.487974	0.57598	0.664102	0.748968	0.826842	0.8939	0.94663	0.982159	0.998518	0.99483	0.971364	0.929574	0.871852	0.801264	0.72132	0.635576	0.54734	0.459377	0.373774	0.291857	0.214117	0.14026	0.0693433	0	

8.22542e-026	0.0503267	0.10284	0.159462	0.221734	0.290582	0.366132	0.44767	0.533588	0.621405	0.707937	0.789506	0.862248	0.922416	0.966728	0.992737	0.998973	0.985097	0.951979	0.901529	0.83646	0.760044	0.675752	0.586979	0.496661	0.40713	0.319998	0.23604	0.155263	0.0769568	0	

3.83707e-026	0.044015	0.0902352	0.140679	0.196988	0.260255	0.330887	0.40846	0.491671	0.578388	0.665666	0.749965	0.827455	0.894241	0.946726	0.982017	0.998093	0.994023	0.970055	0.927554	0.868821	0.7968	0.714809	0.626232	0.534141	0.441085	0.348931	0.258757	0.170883	0.0849072	0	

1.7811e-026	0.0382541	0.0786855	0.123361	0.173981	0.231768	0.297376	0.370658	0.45063	0.53551	0.622651	0.708724	0.789989	0.862495	0.922429	0.966498	0.992181	0.99798	0.983502	0.949525	0.897863	0.831067	0.752221	0.664607	0.57138	0.475266	0.378359	0.282049	0.186977	0.0931244	0	

8.22598e-027	0.033037	0.0681958	0.107528	0.152763	0.205234	0.265782	0.334527	0.410814	0.493198	0.579369	0.666282	0.750334	0.827608	0.894169	0.946386	0.981302	0.996871	0.992078	0.967078	0.923125	0.862323	0.787443	0.70158	0.607899	0.509249	0.407936	0.30565	0.203376	0.101523	0	

3.78032e-027	0.0283499	0.0587486	0.0931688	0.133353	0.180718	0.236235	0.30028	0.372521	0.451831	0.536272	0.623125	0.708987	0.790046	0.862326	0.921953	0.965591	0.990677	0.995608	0.979898	0.944179	0.890064	0.819922	0.736601	0.643176	0.542566	0.43727	0.329254	0.21988	0.110005	0	

1.72858e-027	0.0241745	0.0503058	0.0802496	0.115737	0.158238	0.208818	0.26808	0.335994	0.411746	0.493778	0.579721	0.66644	0.750291	0.827323	0.893527	0.945247	0.979449	0.993982	0.98772	0.960638	0.913801	0.849109	0.769097	0.676659	0.574713	0.465924	0.352519	0.236259	0.118454	0	

7.86484e-028	0.0204878	0.0428152	0.068715	0.0998717	0.137775	0.18357	0.238041	0.301425	0.37323	0.45226	0.536511	0.623176	0.708833	0.789615	0.861483	0.920527	0.963307	0.987162	0.990342	0.972162	0.933078	0.87447	0.79849	0.707767	0.605151	0.493426	0.375071	0.252252	0.126741	0	

3.56045e-028	0.0172606	0.036217	0.0584934	0.085692	0.119284	0.160489	0.210228	0.268958	0.336518	0.412046	0.493904	0.579661	0.666157	0.749681	0.826235	0.891744	0.942439	0.975178	0.987629	0.978466	0.947479	0.895491	0.8242	0.735905	0.633313	0.519271	0.396508	0.267572	0.134721	0	

1.60384e-028	0.014457	0.030448	0.0495012	0.0731092	0.102694	0.139539	0.184661	0.238698	0.301797	0.373413	0.452271	0.53633	0.622739	0.708005	0.788229	0.859262	0.917086	0.958127	0.979517	0.979318	0.956634	0.911692	0.845663	0.760472	0.658616	0.542938	0.416403	0.281915	0.142234	0	

7.18835e-029	0.0120365	0.0254438	0.0416467	0.0620194	0.087918	0.120657	0.161321	0.210701	0.269203	0.336589	0.411937	0.493586	0.579036	0.665071	0.747927	0.823481	0.887541	0.936167	0.966013	0.974554	0.96023	0.922626	0.86234	0.780876	0.680466	0.563893	0.434312	0.29496	0.149109	0	

3.20587e-029	0.00995842	0.0211379	0.0348337	0.0523098	0.0748501	0.103754	0.140157	0.184982	0.238828	0.301753	0.373177	0.451792	0.535478	0.621342	0.705801	0.784828	0.854141	0.909516	0.947188	0.96408	0.958011	0.927894	0.873727	0.796549	0.698279	0.581599	0.44978	0.306382	0.155171	0	

1.42258e-029	0.00818532	0.0174605	0.0289649	0.043865	0.0633718	0.0887244	0.121097	0.161517	0.210721	0.26904	0.336213	0.411264	0.492465	0.577263	0.662319	0.743749	0.81726	0.878444	0.923172	0.94787	0.949785	0.927155	0.879367	0.806953	0.711494	0.595524	0.462357	0.315853	0.160244	0	

6.28126e-030	0.00668445	0.0143399	0.0239443	0.0365709	0.0533536	0.075448	0.104047	0.140245	0.18489	0.238539	0.301217	0.372272	0.45035	0.533248	0.61793	0.700692	0.7773	0.843261	0.894154	0.925969	0.935429	0.920133	0.878856	0.811601	0.719586	0.605153	0.471602	0.323049	0.164159	0	

2.75949e-030	0.00542612	0.0117061	0.0196785	0.0303149	0.0446621	0.0637963	0.0888951	0.121084	0.161309	0.210293	0.268313	0.335035	0.409439	0.489679	0.573063	0.656098	0.734681	0.804314	0.86037	0.898485	0.914889	0.906621	0.871856	0.810065	0.722078	0.610007	0.4771	0.327663	0.166758	0	

1.20631e-030	0.00438105	0.00949499	0.0160781	0.0249857	0.0371663	0.0536344	0.0755139	0.10393	0.139915	0.184304	0.237583	0.299716	0.369986	0.446894	0.528108	0.610392	0.689827	0.761977	0.822106	0.865578	0.888187	0.886491	0.858106	0.801986	0.718555	0.609657	0.47847	0.329413	0.167895	0	

5.24688e-031	0.00351904	0.00765086	0.0130583	0.020474	0.0307414	0.0448241	0.0637652	0.0886659	0.12062	0.160535	0.209064	0.266429	0.332191	0.405186	0.48342	0.563974	0.643153	0.716637	0.779681	0.82746	0.855414	0.859695	0.837428	0.787085	0.70867	0.603739	0.475376	0.32805	0.16744	0	

2.27082e-031	0.00281008	0.00612535	0.0105401	0.0166746	0.0252695	0.0372273	0.0535051	0.075164	0.103314	0.138918	0.182752	0.23524	0.296202	0.364785	0.439312	0.517212	0.595056	0.668689	0.733443	0.78439	0.816728	0.826268	0.809738	0.765173	0.692163	0.591969	0.467546	0.323369	0.165278	0	

9.7789e-032	0.00222731	0.00487446	0.00845144	0.0134898	0.0206375	0.0307095	0.044589	0.0632833	0.0878693	0.119356	0.158602	0.206167	0.262117	0.32587	0.396046	0.470437	0.545908	0.618524	0.683757	0.736672	0.772348	0.78633	0.775045	0.736157	0.668866	0.574147	0.454782	0.315213	0.161322	0	

4.19019e-032	0.00174939	0.00385581	0.00672778	0.0108317	0.016736	0.0251427	0.0368756	0.0528742	0.0741485	0.101733	0.13653	0.179188	0.229981	0.288559	0.353833	0.423932	0.496046	0.566514	0.630994	0.684648	0.722549	0.740081	0.733458	0.700046	0.638718	0.550169	0.436972	0.303479	0.155509	0	

1.78644e-032	0.00136066	0.00302838	0.00531184	0.00862341	0.0134595	0.0204067	0.0302276	0.0437828	0.0620038	0.0859106	0.116421	0.154242	0.199789	0.25292	0.312825	0.37793	0.445773	0.513009	0.575527	0.62869	0.667663	0.687798	0.685179	0.656962	0.601771	0.520035	0.414093	0.28813	0.147814	0	

7.57851e-033	0.00104862	0.00235474	0.00415269	0.00679585	0.0107103	0.0163884	0.0245123	0.0358568	0.0512792	0.0717379	0.0981384	0.131225	0.171492	0.218974	0.273116	0.332612	0.395349	0.458326	0.517724	0.569187	0.608071	0.629832	0.630507	0.607141	0.558194	0.483854	0.386213	0.269195	0.138245	0	

3.19892e-033	0.000800896	0.00180395	0.00320466	0.00528584	0.00840163	0.012981	0.0196015	0.0289493	0.0418126	0.0590493	0.0815256	0.110002	0.144996	0.186691	0.234744	0.288104	0.344984	0.402748	0.457938	0.506542	0.544203	0.5666	0.56983	0.550931	0.508274	0.441854	0.353493	0.24678	0.126855	0	

1.34357e-033	0.000603669	0.00135248	0.00242658	0.00403424	0.00645851	0.0100834	0.0153719	0.0229199	0.0334383	0.0476694	0.0664114	0.0904064	0.120174	0.155996	0.197697	0.244475	0.29484	0.346528	0.396508	0.441164	0.476522	0.49858	0.503626	0.488786	0.452419	0.394373	0.31619	0.221066	0.113733	0	

5.61473e-034	0.000442695	0.000982256	0.00178178	0.00298661	0.00481529	0.00760135	0.0117067	0.0176324	0.0259914	0.0374162	0.0526093	0.0722531	0.0968645	0.126769	0.161919	0.201742	0.245026	0.289881	0.333748	0.373464	0.405519	0.426311	0.432455	0.421265	0.391149	0.341863	0.274655	0.192302	0.0990134	0	

2.33477e-034	0.000305915	0.000676965	0.0012382	0.0020948	0.00341119	0.00544877	0.00849617	0.0129527	0.0193102	0.0281043	0.0399188	0.0553406	0.0748769	0.0988529	0.127308	0.159874	0.195605	0.232987	0.269951	0.30385	0.331703	0.350383	0.356954	0.349016	0.325091	0.284876	0.229337	0.160806	0.0828633	0	

9.65976e-035	0.000185404	0.000419177	0.000768404	0.00131783	0.00218722	0.00354841	0.0056376	0.00874773	0.0132376	0.0195467	0.0281293	0.0394558	0.0539982	0.072055	0.0937233	0.118796	0.146596	0.175989	0.205388	0.232726	0.255596	0.271431	0.27783	0.272775	0.254964	0.224062	0.180775	0.12696	0.0654843	0	

3.97684e-035	7.6974e-005	0.000190226	0.000348608	0.000620787	0.0010861	0.0018299	0.00303404	0.00488742	0.00761942	0.011557	0.0170252	0.0243742	0.0339973	0.0461592	0.0609893	0.0783995	0.0979845	0.118992	0.140311	0.160486	0.177731	0.190122	0.195844	0.193347	0.181567	0.160154	0.129582	0.0912001	0.047104	0	

1.62903e-035	-2.23943e-005	-2.74521e-005	-4.27641e-005	-2.80216e-005	5.45264e-005	0.000226359	0.000592642	0.00124656	0.00230236	0.00394963	0.00639081	0.00986061	0.0146305	0.0209298	0.0288997	0.0385463	0.0497288	0.0620732	0.074948	0.0875142	0.0986547	0.107147	0.111806	0.111601	0.105764	0.0939591	0.0764396	0.0540131	0.0279725	0	

6.63978e-036	-0.000117432	-0.000247692	-0.00042663	-0.000659894	-0.000954742	-0.00132861	-0.00177692	-0.00229392	-0.00286697	-0.00345948	-0.00398662	-0.00432824	-0.0043543	-0.00388232	-0.0027711	-0.000923272	0.00176325	0.00528658	0.00950803	0.0141863	0.0189166	0.0232149	0.0265526	0.028448	0.0284704	0.0263367	0.022071	0.0159234	0.0083584	0	

2.69272e-036	-0.000215674	-0.00048009	-0.000824065	-0.00130715	-0.00198375	-0.00290217	-0.00416363	-0.0058484	-0.00804116	-0.0108523	-0.0143177	-0.0184383	-0.0232147	-0.0285348	-0.034258	-0.0401833	-0.0459933	-0.0513257	-0.0558179	-0.0591287	-0.0609293	-0.0609574	-0.059061	-0.0551724	-0.0493621	-0.0418183	-0.0327676	-0.0225204	-0.0114538	0	

1.08662e-036	-0.000326091	-0.00073236	-0.00125624	-0.00200274	-0.00307315	-0.00456141	-0.00665608	-0.00952976	-0.0133698	-0.0184085	-0.0248124	-0.0327121	-0.0422109	-0.0532879	-0.0657953	-0.0794146	-0.0936306	-0.107728	-0.120849	-0.132066	-0.140333	-0.144649	-0.144177	-0.138313	-0.126762	-0.109597	-0.0873073	-0.0607595	-0.0311692	0	

4.36293e-037	-0.000456533	-0.00101401	-0.00174403	-0.00277923	-0.00426693	-0.00637212	-0.0093431	-0.0134525	-0.0189978	-0.0263057	-0.0356807	-0.0473854	-0.0616013	-0.0783983	-0.0976104	-0.118795	-0.141238	-0.163886	-0.185404	-0.204267	-0.218749	-0.227145	-0.227946	-0.220033	-0.202759	-0.176095	-0.140783	-0.0982386	-0.0504903	0	

1.7431e-037	-0.000612188	-0.00133875	-0.00230804	-0.00366875	-0.00561493	-0.00839907	-0.0123145	-0.0177339	-0.0250661	-0.0347192	-0.0471309	-0.0626859	-0.0816363	-0.104112	-0.129918	-0.15849	-0.188897	-0.219763	-0.249297	-0.275373	-0.295646	-0.307743	-0.309538	-0.299415	-0.276411	-0.240434	-0.192453	-0.134418	-0.0691265	0	

6.92918e-038	-0.00079641	-0.00172412	-0.00296981	-0.0047045	-0.00717224	-0.0107086	-0.0156615	-0.022493	-0.0317141	-0.0438218	-0.0593662	-0.0788345	-0.102552	-0.130657	-0.162916	-0.198643	-0.23667	-0.275306	-0.312325	-0.34503	-0.3705	-0.385769	-0.388154	-0.37558	-0.346823	-0.301774	-0.241611	-0.168785	-0.0868049	0	

2.7408e-038	-0.00101343	-0.00218891	-0.00375373	-0.00592334	-0.00899645	-0.0133719	-0.0194778	-0.027849	-0.039083	-0.0537827	-0.0725816	-0.0960444	-0.124563	-0.15824	-0.196781	-0.239371	-0.284595	-0.330446	-0.374276	-0.41288	-0.442807	-0.460576	-0.463033	-0.447703	-0.413165	-0.359339	-0.287607	-0.200866	-0.103278	0	

1.07867e-038	-0.00127092	-0.00275095	-0.0046887	-0.00736786	-0.011146	-0.0164674	-0.0238598	-0.03392	-0.0473177	-0.0647675	-0.0869618	-0.114517	-0.147863	-0.187038	-0.231657	-0.280757	-0.332677	-0.385081	-0.434922	-0.478562	-0.512077	-0.531559	-0.533469	-0.515028	-0.47469	-0.412432	-0.329853	-0.230237	-0.11833	0	

4.22418e-039	-0.00158065	-0.00342731	-0.00580886	-0.00908686	-0.013681	-0.0200802	-0.0289083	-0.0408247	-0.0565644	-0.0769373	-0.102681	-0.134436	-0.172619	-0.217196	-0.267652	-0.322847	-0.380879	-0.439076	-0.494019	-0.541716	-0.577842	-0.598153	-0.598822	-0.576884	-0.53074	-0.460449	-0.367844	-0.256539	-0.131778	0	

1.64597e-039	-0.00195681	-0.00423727	-0.00715293	-0.0111346	-0.0166668	-0.0242997	-0.0347281	-0.0486843	-0.0669684	-0.0904487	-0.119902	-0.155961	-0.198972	-0.248822	-0.304831	-0.365646	-0.429123	-0.492258	-0.551306	-0.601979	-0.639657	-0.659841	-0.658529	-0.632694	-0.580759	-0.502893	-0.401164	-0.279479	-0.143473	0	

6.3816e-040	-0.00241382	-0.00520589	-0.00876325	-0.0135696	-0.0201774	-0.0292174	-0.041429	-0.0576249	-0.0786702	-0.105452	-0.138773	-0.179222	-0.227033	-0.281986	-0.34321	-0.40911	-0.477281	-0.544419	-0.606501	-0.658996	-0.697102	-0.716159	-0.71211	-0.681985	-0.624301	-0.539376	-0.4295	-0.298843	-0.153303	0	

2.46182e-040	-0.0029653	-0.00636565	-0.0106855	-0.0164546	-0.0242954	-0.0349273	-0.0491251	-0.0677767	-0.0918048	-0.122088	-0.159424	-0.204322	-0.256878	-0.316717	-0.382757	-0.453141	-0.525182	-0.595318	-0.659302	-0.71242	-0.74979	-0.766707	-0.759178	-0.724392	-0.661039	-0.569627	-0.452645	-0.314489	-0.161194	0	

9.4498e-041	-0.00362545	-0.00775509	-0.0129698	-0.019857	-0.0291106	-0.0415278	-0.0579336	-0.0792715	-0.106502	-0.140486	-0.181964	-0.231334	-0.288542	-0.352997	-0.423389	-0.497586	-0.572606	-0.644679	-0.709389	-0.76191	-0.797369	-0.811148	-0.799438	-0.759664	-0.690769	-0.593492	-0.470501	-0.326354	-0.167112	0	

3.60918e-041	-0.00441153	-0.00941555	-0.0156718	-0.0238505	-0.0347159	-0.0491247	-0.067974	-0.0922381	-0.122886	-0.160756	-0.206475	-0.260304	-0.322016	-0.390759	-0.464971	-0.542237	-0.619295	-0.692202	-0.756431	-0.807138	-0.839533	-0.849223	-0.832689	-0.787663	-0.71341	-0.610934	-0.483074	-0.334449	-0.171065	0	

1.37159e-041	-0.0053456	-0.0113888	-0.018854	-0.0285151	-0.0412063	-0.0578306	-0.0793669	-0.106799	-0.141074	-0.182986	-0.233012	-0.291243	-0.357247	-0.429888	-0.507316	-0.586836	-0.664946	-0.737557	-0.800096	-0.847793	-0.876026	-0.880748	-0.858823	-0.808361	-0.729001	-0.622035	-0.490459	-0.338857	-0.173098	0	

5.18621e-042	-0.0064539	-0.0137172	-0.0225846	-0.0339365	-0.0486791	-0.0677634	-0.0922324	-0.123069	-0.161169	-0.207243	-0.261598	-0.324124	-0.394135	-0.470212	-0.550183	-0.631083	-0.709224	-0.780396	-0.840054	-0.883586	-0.906647	-0.905617	-0.877829	-0.821842	-0.737697	-0.62699	-0.492843	-0.33973	-0.173299	0	

1.95201e-042	-0.00776436	-0.0164463	-0.0269358	-0.0402048	-0.0572363	-0.0790412	-0.106688	-0.141153	-0.183256	-0.233568	-0.292225	-0.358874	-0.432539	-0.511509	-0.593282	-0.674641	-0.751761	-0.82036	-0.875984	-0.914266	-0.93125	-0.923802	-0.889792	-0.828289	-0.739759	-0.62609	-0.490489	-0.337276	-0.171784	0	

7.30076e-043	-0.009304	-0.0196269	-0.0319812	-0.0474129	-0.0669857	-0.0917782	-0.122847	-0.161145	-0.207394	-0.261978	-0.324848	-0.395377	-0.472268	-0.553506	-0.636278	-0.71714	-0.79217	-0.857082	-0.907582	-0.939626	-0.949751	-0.935353	-0.894888	-0.827986	-0.735541	-0.619712	-0.483737	-0.331755	-0.168697	0	

2.71852e-043	-0.0110981	-0.0233149	-0.0377952	-0.0556553	-0.0780389	-0.106083	-0.140812	-0.183123	-0.233613	-0.292458	-0.359384	-0.433468	-0.513082	-0.595886	-0.678796	-0.758183	-0.830051	-0.890205	-0.934571	-0.959512	-0.962127	-0.940393	-0.893381	-0.821303	-0.725483	-0.608302	-0.472986	-0.323468	-0.164202	0	

1.00893e-043	-0.0131716	-0.0275683	-0.0444534	-0.0650276	-0.0905059	-0.122057	-0.16067	-0.207144	-0.261919	-0.324956	-0.395707	-0.472941	-0.554693	-0.638292	-0.720435	-0.797348	-0.865007	-0.919385	-0.956708	-0.973821	-0.968421	-0.93912	-0.885614	-0.80869	-0.71009	-0.592363	-0.458689	-0.312746	-0.158474	0	

3.78351e-044	-0.0155511	-0.0324432	-0.052033	-0.0756248	-0.10449	-0.139796	-0.182492	-0.233238	-0.292289	-0.359381	-0.43365	-0.513543	-0.596766	-0.680335	-0.760767	-0.834201	-0.896645	-0.944304	-0.973797	-0.982507	-0.968745	-0.9318	-0.871997	-0.790663	-0.689919	-0.57244	-0.441326	-0.299944	-0.151697	0	

1.4013e-044	-0.0182655	-0.037992	-0.0606122	-0.0875391	-0.120082	-0.15938	-0.206324	-0.261407	-0.324667	-0.395599	-0.472997	-0.554976	-0.638925	-0.721594	-0.799351	-0.86831	-0.924591	-0.964687	-0.985695	-0.985581	-0.963279	-0.918771	-0.853002	-0.767787	-0.665568	-0.549112	-0.421399	-0.285427	-0.144057	0	

5.60519e-045	-0.0213449	-0.0442636	-0.0702671	-0.100856	-0.137362	-0.180874	-0.232189	-0.291618	-0.358961	-0.433432	-0.513488	-0.596902	-0.680764	-0.761627	-0.835738	-0.899252	-0.948494	-0.980301	-0.992317	-0.983112	-0.952266	-0.900432	-0.829151	-0.740665	-0.637661	-0.522972	-0.399409	-0.269562	-0.135747	0	

1.4013e-045	-0.0248173	-0.0513056	-0.0810674	-0.115651	-0.156392	-0.204317	-0.260081	-0.323806	-0.395035	-0.47266	-0.554818	-0.638939	-0.721854	-0.799973	-0.869478	-0.926629	-0.968042	-0.990973	-0.993639	-0.975238	-0.936011	-0.877235	-0.801002	-0.709916	-0.606836	-0.494616	-0.375849	-0.252706	-0.126954	0	

0	-0.0287071	-0.0591653	-0.093072	-0.131984	-0.177216	-0.229718	-0.289961	-0.357868	-0.432707	-0.51302	-0.596638	-0.680676	-0.761746	-0.836167	-0.900132	-0.950075	-0.982974	-0.996582	-0.989699	-0.962163	-0.914873	-0.849678	-0.769143	-0.676172	-0.573727	-0.464625	-0.351196	-0.235198	-0.117861	0	

0	-0.0330343	-0.0678863	-0.106327	-0.149895	-0.199856	-0.257052	-0.321755	-0.393662	-0.471746	-0.554206	-0.638563	-0.721671	-0.799977	-0.86975	-0.927284	-0.969264	-0.993088	-0.997074	-0.9806	-0.944153	-0.889263	-0.81829	-0.734178	-0.640061	-0.538956	-0.433553	-0.325901	-0.217356	-0.108637	0	

0	-0.0378155	-0.0775037	-0.120862	-0.169403	-0.224303	-0.286261	-0.355349	-0.430999	-0.511878	-0.595866	-0.680176	-0.761467	-0.836077	-0.900276	-0.950551	-0.983918	-0.998247	-0.992455	-0.966512	-0.921537	-0.859636	-0.78362	-0.696714	-0.602205	-0.503111	-0.401919	-0.300383	-0.199471	-0.0994335	0	

0	-0.0430644	-0.0880378	-0.136692	-0.1905	-0.250514	-0.317251	-0.390582	-0.469642	-0.552787	-0.637606	-0.721035	-0.799594	-0.869577	-0.927324	-0.969595	-0.993817	-0.99838	-0.982803	-0.947671	-0.894694	-0.826483	-0.74623	-0.657351	-0.563204	-0.466742	-0.3702	-0.275021	-0.181804	-0.090381	0	

0	-0.0487902	-0.0994914	-0.153809	-0.213146	-0.278403	-0.349888	-0.427246	-0.509305	-0.594113	-0.678999	-0.760677	-0.835579	-0.90002	-0.950506	-0.984131	-0.998805	-0.993483	-0.968267	-0.924372	-0.864045	-0.790322	-0.706686	-0.616672	-0.523625	-0.430353	-0.338821	-0.250148	-0.164585	-0.0815887	0	

0	-0.0549933	-0.111848	-0.17218	-0.237272	-0.307848	-0.383991	-0.465084	-0.549655	-0.635459	-0.719591	-0.798627	-0.868951	-0.926978	-0.969477	-0.993934	-0.998799	-0.983617	-0.949065	-0.896969	-0.830051	-0.751685	-0.665548	-0.575235	-0.483989	-0.394399	-0.308156	-0.226053	-0.148007	-0.0731479	0	

0	-0.0616614	-0.125074	-0.191739	-0.262767	-0.338684	-0.419331	-0.503791	-0.590313	-0.676387	-0.75891	-0.834401	-0.899252	-0.950058	-0.983941	-0.998843	-0.993786	-0.968913	-0.925482	-0.865864	-0.793197	-0.711107	-0.623368	-0.533565	-0.444767	-0.35928	-0.278525	-0.20297	-0.132226	-0.0651346	0	

0	-0.0687668	-0.139111	-0.212388	-0.289483	-0.370701	-0.455623	-0.543013	-0.630859	-0.716428	-0.796473	-0.867517	-0.926044	-0.968911	-0.993664	-0.998767	-0.983823	-0.949574	-0.897855	-0.831499	-0.75399	-0.669118	-0.580672	-0.492147	-0.406372	-0.325344	-0.250193	-0.18109	-0.117356	-0.05761	0	

0	-0.0762663	-0.153882	-0.233991	-0.31723	-0.403643	-0.492531	-0.582349	-0.670836	-0.75509	-0.831788	-0.897507	-0.948925	-0.98324	-0.998479	-0.993684	-0.969038	-0.925871	-0.866572	-0.794349	-0.712944	-0.626237	-0.537957	-0.451415	-0.369163	-0.292876	-0.223372	-0.16055	-0.103483	-0.050619	0	

0	-0.0841028	-0.169275	-0.256375	-0.345769	-0.437204	-0.529672	-0.621353	-0.709756	-0.791864	-0.86436	-0.923925	-0.967534	-0.992804	-0.99829	-0.983643	-0.949627	-0.898139	-0.832062	-0.754905	-0.670573	-0.582962	-0.495675	-0.411755	-0.333443	-0.262102	-0.198219	-0.141448	-0.0906596	-0.0441888	0	

0	-0.0922064	-0.18515	-0.279332	-0.374818	-0.471022	-0.566616	-0.659538	-0.747104	-0.826237	-0.893703	-0.946357	-0.981562	-0.997427	-0.993072	-0.968764	-0.925852	-0.866763	-0.794784	-0.713669	-0.627384	-0.539769	-0.454235	-0.373496	-0.299465	-0.233191	-0.174843	-0.12384	-0.0789145	-0.0383285	0	

0	-0.100494	-0.201334	-0.302615	-0.404046	-0.504688	-0.602892	-0.696385	-0.782345	-0.857696	-0.919346	-0.964432	-0.99076	-0.997	-0.98287	-0.949238	-0.898037	-0.832168	-0.755224	-0.671142	-0.583862	-0.497095	-0.413992	-0.336912	-0.267424	-0.206259	-0.153301	-0.10775	-0.0682534	-0.0330322	0	

0	-0.108868	-0.217628	-0.325935	-0.433078	-0.537745	-0.637992	-0.731351	-0.814936	-0.885733	-0.940852	-0.977821	-0.99494	-0.991484	-0.967797	-0.925324	-0.866557	-0.794806	-0.713881	-0.627815	-0.540468	-0.455337	-0.375253	-0.302224	-0.237462	-0.181378	-0.13361	-0.0931721	-0.0586602	-0.0282826	0	

0	-0.117215	-0.233809	-0.348964	-0.461491	-0.569698	-0.671372	-0.763875	-0.844334	-0.909854	-0.957824	-0.986252	-0.993981	-0.980916	-0.948032	-0.897341	-0.831835	-0.755153	-0.671255	-0.584169	-0.497628	-0.414839	-0.338277	-0.269601	-0.209667	-0.158573	-0.115749	-0.0800743	-0.0500996	-0.0240563	0	

0	-0.125407	-0.249631	-0.371338	-0.488825	-0.600019	-0.702461	-0.793391	-0.87	-0.929591	-0.969916	-0.989513	-0.987829	-0.965397	-0.923819	-0.865657	-0.794321	-0.713697	-0.627832	-0.540659	-0.455725	-0.375897	-0.30327	-0.239162	-0.184081	-0.137834	-0.0996743	-0.0684002	-0.0425209	-0.0203263	0	

0	-0.133304	-0.264824	-0.392657	-0.514587	-0.628154	-0.730675	-0.81933	-0.891416	-0.944516	-0.97683	-0.987459	-0.976494	-0.945096	-0.895464	-0.830683	-0.754487	-0.670933	-0.584082	-0.497708	-0.415097	-0.338753	-0.270391	-0.210977	-0.160701	-0.119115	-0.0853193	-0.0580736	-0.0358626	-0.0170629	0	

0	-0.140755	-0.279096	-0.412502	-0.538261	-0.65353	-0.755426	-0.84113	-0.908089	-0.954249	-0.978328	-0.980011	-0.960056	-0.920241	-0.863325	-0.792858	-0.712815	-0.627345	-0.540452	-0.455697	-0.376035	-0.303603	-0.239747	-0.185075	-0.139492	-0.102342	-0.0726004	-0.0490045	-0.0300563	-0.0142334	0	

0	-0.147603	-0.292135	-0.430437	-0.559314	-0.675565	-0.776132	-0.858248	-0.919568	-0.958467	-0.974232	-0.967159	-0.938657	-0.891114	-0.827801	-0.752641	-0.669788	-0.583402	-0.497355	-0.414958	-0.338778	-0.270595	-0.211397	-0.161443	-0.120389	-0.087419	-0.0614164	-0.0410963	-0.0250307	-0.0118009	0	

0	-0.153684	-0.303618	-0.446018	-0.577214	-0.693683	-0.79223	-0.870172	-0.925447	-0.956907	-0.964432	-0.948954	-0.912503	-0.858048	-0.789318	-0.710503	-0.625877	-0.539543	-0.45517	-0.375772	-0.303519	-0.239831	-0.185356	-0.140034	-0.103305	-0.0742363	-0.0516518	-0.0342507	-0.0207133	-0.00972527	0	

0	-0.158828	-0.313219	-0.4588	-0.591435	-0.707325	-0.803182	-0.876434	-0.925377	-0.949368	-0.948886	-0.925511	-0.881851	-0.821417	-0.748316	-0.666913	-0.58154	-0.496175	-0.414228	-0.338371	-0.270399	-0.211368	-0.161601	-0.120771	-0.0881344	-0.0626733	-0.0431818	-0.0283702	-0.0170327	-0.00796506	0	

0	-0.162865	-0.32062	-0.468349	-0.601474	-0.715963	-0.808487	-0.876625	-0.919075	-0.935717	-0.927622	-0.897001	-0.84701	-0.781622	-0.705241	-0.622332	-0.537205	-0.45366	-0.374806	-0.302939	-0.239512	-0.185219	-0.140078	-0.103555	-0.0747561	-0.0526013	-0.0358808	-0.0233574	-0.0139191	-0.00648025	0	

0	-0.165625	-0.325516	-0.47425	-0.606858	-0.719114	-0.807701	-0.870399	-0.906327	-0.915887	-0.900732	-0.863653	-0.808323	-0.739081	-0.660535	-0.577197	-0.493265	-0.412317	-0.33713	-0.269616	-0.210907	-0.161356	-0.120708	-0.0882681	-0.0630373	-0.0438866	-0.029628	-0.0191152	-0.0113048	-0.00523486	0	

0	-0.166953	-0.327626	-0.476124	-0.607159	-0.716354	-0.800449	-0.857487	-0.886993	-0.889884	-0.868366	-0.825747	-0.766162	-0.694216	-0.614632	-0.531914	-0.45007	-0.372413	-0.30137	-0.238492	-0.184589	-0.139717	-0.103388	-0.0747819	-0.0528371	-0.0363939	-0.0243109	-0.015548	-0.0091253	-0.00419806	0	

0	-0.166712	-0.326694	-0.473635	-0.602005	-0.707325	-0.786439	-0.837698	-0.861011	-0.857784	-0.830729	-0.783602	-0.720913	-0.647443	-0.567947	-0.486849	-0.407921	-0.334161	-0.26765	-0.209609	-0.160526	-0.120211	-0.0879968	-0.0629595	-0.044011	-0.0299902	-0.019823	-0.0125653	-0.00731929	-0.00334339	0	

0	-0.164791	-0.322506	-0.466509	-0.591093	-0.69175	-0.765471	-0.810929	-0.828401	-0.819733	-0.788079	-0.737571	-0.672971	-0.599165	-0.520861	-0.442326	-0.367063	-0.29772	-0.236045	-0.182964	-0.138654	-0.102729	-0.0743983	-0.052658	-0.0364158	-0.0245491	-0.0160618	-0.0100851	-0.00583052	-0.0026467	0	

0	-0.161102	-0.314892	-0.454532	-0.574205	-0.669447	-0.737444	-0.77717	-0.789261	-0.77594	-0.74072	-0.68802	-0.62273	-0.549764	-0.473718	-0.39862	-0.327683	-0.263193	-0.206587	-0.15851	-0.118876	-0.0871438	-0.062446	-0.0437297	-0.0299134	-0.019952	-0.0129277	-0.008035	-0.00460918	-0.00208417	0	

0	-0.155587	-0.303744	-0.437568	-0.551215	-0.640339	-0.702356	-0.736508	-0.743775	-0.726678	-0.688995	-0.635324	-0.570572	-0.499593	-0.426811	-0.355954	-0.289914	-0.230636	-0.179259	-0.136164	-0.101072	-0.0733153	-0.0519876	-0.0360253	-0.0243738	-0.0160885	-0.010326	-0.00635131	-0.00361284	-0.00163175	0	

0	-0.148216	-0.289016	-0.415564	-0.522099	-0.604461	-0.660308	-0.689131	-0.692202	-0.672273	-0.633276	-0.579861	-0.516858	-0.448972	-0.380386	-0.314491	-0.253834	-0.200052	-0.154	-0.115818	-0.0850998	-0.0610925	-0.0428694	-0.0293977	-0.0196751	-0.0128552	-0.00817086	-0.0049764	-0.00280568	-0.00126659	0	

0	-0.138993	-0.270728	-0.388562	-0.486946	-0.56196	-0.61151	-0.635322	-0.634885	-0.613106	-0.573956	-0.522003	-0.461924	-0.398176	-0.334632	-0.274336	-0.219471	-0.171399	-0.130707	-0.0973352	-0.0708041	-0.0503145	-0.034938	-0.0237064	-0.0157014	-0.0101553	-0.00638786	-0.00385719	-0.00215628	-0.000969486	0	

0	-0.127957	-0.248968	-0.356702	-0.445955	-0.513098	-0.556284	-0.575456	-0.572238	-0.549601	-0.511439	-0.462115	-0.406074	-0.347431	-0.28969	-0.235537	-0.186805	-0.144589	-0.109242	-0.0805615	-0.0580173	-0.0408136	-0.0280418	-0.0188211	-0.0123418	-0.00789958	-0.00491375	-0.00294523	-0.00163529	-0.000726662	0	

0	-0.115186	-0.223892	-0.320226	-0.399442	-0.458253	-0.495059	-0.509998	-0.50474	-0.482217	-0.446133	-0.40055	-0.349574	-0.296911	-0.245644	-0.198093	-0.155767	-0.119494	-0.0894419	-0.0653204	-0.0465644	-0.0324196	-0.0220326	-0.0146205	-0.00949106	-0.00600768	-0.00369374	-0.00219777	-0.00121454	-0.000529288	0	

0	-0.100797	-0.195725	-0.279474	-0.347833	-0.397912	-0.428373	-0.439495	-0.43293	-0.411447	-0.378455	-0.337638	-0.292653	-0.24674	-0.202526	-0.161953	-0.12624	-0.0959534	-0.0711234	-0.0514195	-0.0362633	-0.0249643	-0.0167664	-0.01099	-0.00705144	-0.00440787	-0.00267803	-0.00157837	-0.000868211	-0.000370868	0	

0	-0.0849417	-0.164766	-0.234878	-0.291657	-0.33267	-0.356856	-0.364574	-0.357393	-0.337801	-0.308822	-0.273685	-0.2355	-0.196993	-0.160318	-0.127027	-0.0980692	-0.0737755	-0.0540853	-0.0386544	-0.0269256	-0.0182835	-0.0121051	-0.0078186	-0.00493527	-0.00303629	-0.00181973	-0.00105627	-0.000575042	-0.000244038	0	

0	-0.0678085	-0.131381	-0.186952	-0.231544	-0.263226	-0.281226	-0.285932	-0.278757	-0.261812	-0.237651	-0.20897	-0.178266	-0.147703	-0.118955	-0.093184	-0.0710633	-0.0527473	-0.038111	-0.0268141	-0.0183589	-0.0122181	-0.0079163	-0.00499766	-0.00306497	-0.00183515	-0.00107459	-0.000604653	-0.000319394	-0.00013893	0	

0	-0.0496174	-0.0959979	-0.136284	-0.168206	-0.190364	-0.202276	-0.204323	-0.197681	-0.18402	-0.165351	-0.143751	-0.121068	-0.0988671	-0.0783359	-0.0602523	-0.0450077	-0.0326383	-0.0229709	-0.0156835	-0.0103702	-0.00661202	-0.00407299	-0.00242299	-0.00137023	-0.000751226	-0.000402047	-0.000199168	-8.9921e-005	-4.41957e-005	0	

0	-0.0306179	-0.0590922	-0.0835266	-0.10243	-0.114943	-0.120861	-0.120543	-0.114851	-0.104977	-0.0923187	-0.0782607	-0.0639901	-0.0504479	-0.038328	-0.0280297	-0.0196702	-0.0132041	-0.00842514	-0.005046	-0.00277	-0.00131043	-0.000451739	2.51341e-006	0.000216176	0.000265308	0.000233956	0.00018293	0.000123686	5.01565e-005	0	

