0.00012341	0	0	0	0	0	0	0	0	0	0	0	0	0	0	0	0	0	0	0	0	0	0	0	0	0	0	0	0	0	0	0	0	0	0	0	0	0	0	0	0	0	0	0	0	0	0	0	0	0	0	0	0	0	0	0	0	0	0	0	0	0	0	0	0	0	0	0	0	0	0	0	0	0	0	0	0	0	0	0	0	0	0	0	0	0	0	0	0	0	0	0	0	0	0	0	0	0	0	0	0	

0.00016617	3.08244e-005	0	0	0	0	0	0	0	0	0	0	0	0	0	0	0	0	0	0	0	0	0	0	0	0	0	0	0	0	0	0	0	0	0	0	0	0	0	0	0	0	0	0	0	0	0	0	0	0	0	0	0	0	0	0	0	0	0	0	0	0	0	0	0	0	0	0	0	0	0	0	0	0	0	0	0	0	0	0	0	0	0	0	0	0	0	0	0	0	0	0	0	0	0	0	0	0	0	0	0	

0.00022263	8.77553e-005	7.69907e-006	0	0	0	0	0	0	0	0	0	0	0	0	0	0	0	0	0	0	0	0	0	0	0	0	0	0	0	0	0	0	0	0	0	0	0	0	0	0	0	0	0	0	0	0	0	0	0	0	0	0	0	0	0	0	0	0	0	0	0	0	0	0	0	0	0	0	0	0	0	0	0	0	0	0	0	0	0	0	0	0	0	0	0	0	0	0	0	0	0	0	0	0	0	0	0	0	0	0	

0.000296786	0.000158378	3.3471e-005	1.92301e-006	0	0	0	0	0	0	0	0	0	0	0	0	0	0	0	0	0	0	0	0	0	0	0	0	0	0	0	0	0	0	0	0	0	0	0	0	0	0	0	0	0	0	0	0	0	0	0	0	0	0	0	0	0	0	0	0	0	0	0	0	0	0	0	0	0	0	0	0	0	0	0	0	0	0	0	0	0	0	0	0	0	0	0	0	0	0	0	0	0	0	0	0	0	0	0	0	0	

0.000393669	0.000232373	8.25614e-005	1.12455e-005	4.80316e-007	0	0	0	0	0	0	0	0	0	0	0	0	0	0	0	0	0	0	0	0	0	0	0	0	0	0	0	0	0	0	0	0	0	0	0	0	0	0	0	0	0	0	0	0	0	0	0	0	0	0	0	0	0	0	0	0	0	0	0	0	0	0	0	0	0	0	0	0	0	0	0	0	0	0	0	0	0	0	0	0	0	0	0	0	0	0	0	0	0	0	0	0	0	0	0	0	

0.000519575	0.000309237	0.000151258	3.56919e-005	3.52951e-006	1.1997e-007	0	0	0	0	0	0	0	0	0	0	0	0	0	0	0	0	0	0	0	0	0	0	0	0	0	0	0	0	0	0	0	0	0	0	0	0	0	0	0	0	0	0	0	0	0	0	0	0	0	0	0	0	0	0	0	0	0	0	0	0	0	0	0	0	0	0	0	0	0	0	0	0	0	0	0	0	0	0	0	0	0	0	0	0	0	0	0	0	0	0	0	0	0	0	0	

0.000682329	0.000399178	0.000230548	8.09703e-005	1.37604e-005	1.06158e-006	2.99651e-008	0	0	0	0	0	0	0	0	0	0	0	0	0	0	0	0	0	0	0	0	0	0	0	0	0	0	0	0	0	0	0	0	0	0	0	0	0	0	0	0	0	0	0	0	0	0	0	0	0	0	0	0	0	0	0	0	0	0	0	0	0	0	0	0	0	0	0	0	0	0	0	0	0	0	0	0	0	0	0	0	0	0	0	0	0	0	0	0	0	0	0	0	0	0	

0.000891595	0.000517724	0.000314597	0.000146822	3.76066e-005	4.91733e-006	3.10115e-007	7.48445e-009	0	0	0	0	0	0	0	0	0	0	0	0	0	0	0	0	0	0	0	0	0	0	0	0	0	0	0	0	0	0	0	0	0	0	0	0	0	0	0	0	0	0	0	0	0	0	0	0	0	0	0	0	0	0	0	0	0	0	0	0	0	0	0	0	0	0	0	0	0	0	0	0	0	0	0	0	0	0	0	0	0	0	0	0	0	0	0	0	0	0	0	0	0	

0.00115923	0.000678916	0.000407476	0.0002273	8.05669e-005	1.57872e-005	1.66543e-006	8.86883e-008	1.86941e-009	0	0	0	0	0	0	0	0	0	0	0	0	0	0	0	0	0	0	0	0	0	0	0	0	0	0	0	0	0	0	0	0	0	0	0	0	0	0	0	0	0	0	0	0	0	0	0	0	0	0	0	0	0	0	0	0	0	0	0	0	0	0	0	0	0	0	0	0	0	0	0	0	0	0	0	0	0	0	0	0	0	0	0	0	0	0	0	0	0	0	0	0	

0.00149969	0.00089228	0.00052315	0.000316131	0.000143997	3.931e-005	6.15415e-006	5.42034e-007	2.49569e-008	4.66927e-010	0	0	0	0	0	0	0	0	0	0	0	0	0	0	0	0	0	0	0	0	0	0	0	0	0	0	0	0	0	0	0	0	0	0	0	0	0	0	0	0	0	0	0	0	0	0	0	0	0	0	0	0	0	0	0	0	0	0	0	0	0	0	0	0	0	0	0	0	0	0	0	0	0	0	0	0	0	0	0	0	0	0	0	0	0	0	0	0	0	0	0	

0.00193046	0.00116516	0.000679315	0.000413676	0.000224273	8.06993e-005	1.75225e-005	2.26798e-006	1.71079e-007	6.93414e-009	1.16625e-010	0	0	0	0	0	0	0	0	0	0	0	0	0	0	0	0	0	0	0	0	0	0	0	0	0	0	0	0	0	0	0	0	0	0	0	0	0	0	0	0	0	0	0	0	0	0	0	0	0	0	0	0	0	0	0	0	0	0	0	0	0	0	0	0	0	0	0	0	0	0	0	0	0	0	0	0	0	0	0	0	0	0	0	0	0	0	0	0	0	0	

0.00247257	0.00150784	0.000890481	0.000530262	0.000315997	0.00014217	4.08606e-005	7.28035e-006	7.9995e-007	5.26974e-008	1.90695e-009	2.91298e-011	0	0	0	0	0	0	0	0	0	0	0	0	0	0	0	0	0	0	0	0	0	0	0	0	0	0	0	0	0	0	0	0	0	0	0	0	0	0	0	0	0	0	0	0	0	0	0	0	0	0	0	0	0	0	0	0	0	0	0	0	0	0	0	0	0	0	0	0	0	0	0	0	0	0	0	0	0	0	0	0	0	0	0	0	0	0	0	0	0	

0.00315111	0.00193728	0.00116587	0.000683303	0.00041782	0.000221753	8.11154e-005	1.90615e-005	2.8608e-006	2.72418e-007	1.59143e-008	5.2001e-010	7.27581e-012	0	0	0	0	0	0	0	0	0	0	0	0	0	0	0	0	0	0	0	0	0	0	0	0	0	0	0	0	0	0	0	0	0	0	0	0	0	0	0	0	0	0	0	0	0	0	0	0	0	0	0	0	0	0	0	0	0	0	0	0	0	0	0	0	0	0	0	0	0	0	0	0	0	0	0	0	0	0	0	0	0	0	0	0	0	0	0	0	

0.00399585	0.00247723	0.00151341	0.000890567	0.000536982	0.000315181	0.000140998	4.22955e-005	8.32163e-006	1.07458e-006	9.0144e-008	4.72789e-009	1.40801e-010	1.8173e-012	0	0	0	0	0	0	0	0	0	0	0	0	0	0	0	0	0	0	0	0	0	0	0	0	0	0	0	0	0	0	0	0	0	0	0	0	0	0	0	0	0	0	0	0	0	0	0	0	0	0	0	0	0	0	0	0	0	0	0	0	0	0	0	0	0	0	0	0	0	0	0	0	0	0	0	0	0	0	0	0	0	0	0	0	0	0	0	

0.00504177	0.00315575	0.00194611	0.00116508	0.000689059	0.000420503	0.000219734	8.1697e-005	2.04581e-005	3.44097e-006	3.88923e-007	2.91246e-008	1.38534e-009	3.7895e-011	4.53911e-013	0	0	0	0	0	0	0	0	0	0	0	0	0	0	0	0	0	0	0	0	0	0	0	0	0	0	0	0	0	0	0	0	0	0	0	0	0	0	0	0	0	0	0	0	0	0	0	0	0	0	0	0	0	0	0	0	0	0	0	0	0	0	0	0	0	0	0	0	0	0	0	0	0	0	0	0	0	0	0	0	0	0	0	0	0	0	

0.00632972	0.00400321	0.00248587	0.00151578	0.000892957	0.000542756	0.000314138	0.000140281	4.36399e-005	9.29545e-006	1.36015e-006	1.36461e-007	9.22183e-009	4.01175e-010	1.01462e-011	1.13374e-013	0	0	0	0	0	0	0	0	0	0	0	0	0	0	0	0	0	0	0	0	0	0	0	0	0	0	0	0	0	0	0	0	0	0	0	0	0	0	0	0	0	0	0	0	0	0	0	0	0	0	0	0	0	0	0	0	0	0	0	0	0	0	0	0	0	0	0	0	0	0	0	0	0	0	0	0	0	0	0	0	0	0	0	0	0	

0.00790706	0.00505278	0.00316232	0.00195321	0.00116495	0.000695377	0.00042222	0.000218151	8.23816e-005	2.17462e-005	4.00775e-006	5.1766e-007	4.66359e-008	2.86994e-009	1.15001e-010	2.70435e-012	2.83178e-014	0	0	0	0	0	0	0	0	0	0	0	0	0	0	0	0	0	0	0	0	0	0	0	0	0	0	0	0	0	0	0	0	0	0	0	0	0	0	0	0	0	0	0	0	0	0	0	0	0	0	0	0	0	0	0	0	0	0	0	0	0	0	0	0	0	0	0	0	0	0	0	0	0	0	0	0	0	0	0	0	0	0	0	0	

0.0098282	0.00634308	0.00400895	0.00249576	0.00151654	0.000897057	0.000547558	0.00031308	0.00013989	4.49114e-005	1.02142e-005	1.65294e-006	1.90767e-007	1.55821e-008	8.79915e-010	3.26755e-011	7.17962e-013	7.07299e-015	0	0	0	0	0	0	0	0	0	0	0	0	0	0	0	0	0	0	0	0	0	0	0	0	0	0	0	0	0	0	0	0	0	0	0	0	0	0	0	0	0	0	0	0	0	0	0	0	0	0	0	0	0	0	0	0	0	0	0	0	0	0	0	0	0	0	0	0	0	0	0	0	0	0	0	0	0	0	0	0	0	0	0	

0.0121552	0.00792087	0.00506063	0.00317168	0.00195799	0.00116617	0.000701625	0.000423318	0.000216933	8.31332e-005	2.29487e-005	4.56137e-006	6.56352e-007	6.83785e-008	5.10542e-009	2.66282e-010	9.21215e-012	1.8994e-013	1.76664e-015	0	0	0	0	0	0	0	0	0	0	0	0	0	0	0	0	0	0	0	0	0	0	0	0	0	0	0	0	0	0	0	0	0	0	0	0	0	0	0	0	0	0	0	0	0	0	0	0	0	0	0	0	0	0	0	0	0	0	0	0	0	0	0	0	0	0	0	0	0	0	0	0	0	0	0	0	0	0	0	0	0	0	

0.0149582	0.00984186	0.00635492	0.00401626	0.0025048	0.00151703	0.00090221	0.00055152	0.000312106	0.000139742	4.6123e-005	1.10871e-005	1.95044e-006	2.52231e-007	2.39261e-008	1.64436e-009	7.96617e-011	2.57931e-012	5.00925e-014	4.41257e-016	0	0	0	0	0	0	0	0	0	0	0	0	0	0	0	0	0	0	0	0	0	0	0	0	0	0	0	0	0	0	0	0	0	0	0	0	0	0	0	0	0	0	0	0	0	0	0	0	0	0	0	0	0	0	0	0	0	0	0	0	0	0	0	0	0	0	0	0	0	0	0	0	0	0	0	0	0	0	0	0	0	

0.0183157	0.0121698	0.00793601	0.00506745	0.00318242	0.00196104	0.00116877	0.000707515	0.000424026	0.000216019	8.39297e-005	2.40817e-005	5.10245e-006	8.03225e-007	9.42056e-008	8.19698e-009	5.21677e-010	2.359e-011	7.17744e-013	1.31738e-014	1.10214e-016	0	0	0	0	0	0	0	0	0	0	0	0	0	0	0	0	0	0	0	0	0	0	0	0	0	0	0	0	0	0	0	0	0	0	0	0	0	0	0	0	0	0	0	0	0	0	0	0	0	0	0	0	0	0	0	0	0	0	0	0	0	0	0	0	0	0	0	0	0	0	0	0	0	0	0	0	0	0	0	0	

0.0223149	0.0149753	0.00985811	0.0063643	0.0040258	0.00251223	0.001518	0.000907911	0.0005548	0.000311258	0.00013978	4.72842e-005	1.19211e-005	2.25095e-006	3.20096e-007	3.43151e-008	2.75636e-009	1.63296e-010	6.92227e-012	1.98626e-013	3.45582e-015	2.75284e-017	0	0	0	0	0	0	0	0	0	0	0	0	0	0	0	0	0	0	0	0	0	0	0	0	0	0	0	0	0	0	0	0	0	0	0	0	0	0	0	0	0	0	0	0	0	0	0	0	0	0	0	0	0	0	0	0	0	0	0	0	0	0	0	0	0	0	0	0	0	0	0	0	0	0	0	0	0	0	0	

0.0270519	0.018336	0.0121857	0.00794972	0.00507523	0.00319314	0.00196319	0.00117249	0.000712941	0.000424497	0.000215358	8.47569e-005	2.51572e-005	5.63175e-006	9.56881e-007	1.23931e-007	1.22259e-008	9.11621e-010	5.05053e-011	2.01471e-012	5.46932e-014	9.04474e-016	6.87583e-018	0	0	0	0	0	0	0	0	0	0	0	0	0	0	0	0	0	0	0	0	0	0	0	0	0	0	0	0	0	0	0	0	0	0	0	0	0	0	0	0	0	0	0	0	0	0	0	0	0	0	0	0	0	0	0	0	0	0	0	0	0	0	0	0	0	0	0	0	0	0	0	0	0	0	0	0	0	0	

0.0326308	0.0223374	0.0149914	0.00987519	0.00637252	0.00403693	0.00251808	0.00151979	0.00091382	0.000557544	0.000310553	0.000139964	4.84027e-005	1.27218e-005	2.55327e-006	3.93694e-007	4.67702e-008	4.27085e-009	2.9706e-010	1.54528e-011	5.82053e-013	1.49921e-014	2.36229e-016	1.71739e-018	0	0	0	0	0	0	0	0	0	0	0	0	0	0	0	0	0	0	0	0	0	0	0	0	0	0	0	0	0	0	0	0	0	0	0	0	0	0	0	0	0	0	0	0	0	0	0	0	0	0	0	0	0	0	0	0	0	0	0	0	0	0	0	0	0	0	0	0	0	0	0	0	0	0	0	0	0	

0.0391639	0.027075	0.0183541	0.0122037	0.00796133	0.00508473	0.003203	0.00196507	0.00117706	0.000717887	0.000424831	0.00021491	8.56056e-005	2.61841e-005	6.15007e-006	1.11621e-006	1.57351e-007	1.72527e-008	1.46582e-009	9.55142e-011	4.68209e-012	1.6703e-013	4.09263e-015	6.15804e-017	4.28957e-019	0	0	0	0	0	0	0	0	0	0	0	0	0	0	0	0	0	0	0	0	0	0	0	0	0	0	0	0	0	0	0	0	0	0	0	0	0	0	0	0	0	0	0	0	0	0	0	0	0	0	0	0	0	0	0	0	0	0	0	0	0	0	0	0	0	0	0	0	0	0	0	0	0	0	0	0	

0.0467706	0.0326538	0.0223588	0.0150088	0.00989126	0.00638101	0.00404872	0.00252274	0.00152244	0.000919723	0.000559873	0.000309992	0.000140263	4.94843e-005	1.34935e-005	2.85655e-006	4.72435e-007	6.12842e-008	6.23544e-009	4.95152e-010	3.03417e-011	1.40611e-012	4.76395e-014	1.11301e-015	1.60247e-017	1.07142e-019	0	0	0	0	0	0	0	0	0	0	0	0	0	0	0	0	0	0	0	0	0	0	0	0	0	0	0	0	0	0	0	0	0	0	0	0	0	0	0	0	0	0	0	0	0	0	0	0	0	0	0	0	0	0	0	0	0	0	0	0	0	0	0	0	0	0	0	0	0	0	0	0	0	0	0	

0.0555762	0.0391872	0.0270991	0.0183714	0.0122226	0.00797152	0.00509583	0.0032117	0.00196712	0.00118222	0.000722383	0.000425094	0.00021464	8.64691e-005	2.71696e-005	6.65822e-006	1.28031e-006	1.9426e-007	2.33209e-008	2.21246e-009	1.64871e-010	9.5332e-012	4.18873e-013	1.35115e-014	3.01642e-016	4.16329e-018	2.6761e-020	0	0	0	0	0	0	0	0	0	0	0	0	0	0	0	0	0	0	0	0	0	0	0	0	0	0	0	0	0	0	0	0	0	0	0	0	0	0	0	0	0	0	0	0	0	0	0	0	0	0	0	0	0	0	0	0	0	0	0	0	0	0	0	0	0	0	0	0	0	0	0	0	0	0	

0.0657103	0.0467949	0.0326787	0.0223782	0.015028	0.00990557	0.00639061	0.00406041	0.00252662	0.00152591	0.000925493	0.000561885	0.000309569	0.000140656	5.0534e-005	1.42398e-005	3.16017e-006	5.55805e-007	7.783e-008	8.69065e-009	7.72032e-010	5.41829e-011	2.96536e-012	1.23859e-013	3.81241e-015	8.14883e-017	1.08003e-018	6.68416e-021	0	0	0	0	0	0	0	0	0	0	0	0	0	0	0	0	0	0	0	0	0	0	0	0	0	0	0	0	0	0	0	0	0	0	0	0	0	0	0	0	0	0	0	0	0	0	0	0	0	0	0	0	0	0	0	0	0	0	0	0	0	0	0	0	0	0	0	0	0	0	0	0	0	

0.0773048	0.0556012	0.0392114	0.0271219	0.0183898	0.0122411	0.0079813	0.00510804	0.00321926	0.00196958	0.00118775	0.000726474	0.00042533	0.000214523	8.7343e-005	2.81193e-005	7.15693e-006	1.44846e-006	2.34455e-007	3.04601e-008	3.17775e-009	2.65339e-010	1.75948e-011	9.13951e-013	3.63755e-014	1.07061e-015	2.1949e-017	2.79791e-019	1.66952e-021	0	0	0	0	0	0	0	0	0	0	0	0	0	0	0	0	0	0	0	0	0	0	0	0	0	0	0	0	0	0	0	0	0	0	0	0	0	0	0	0	0	0	0	0	0	0	0	0	0	0	0	0	0	0	0	0	0	0	0	0	0	0	0	0	0	0	0	0	0	0	0	0	

0.0904915	0.0657348	0.0468182	0.0327042	0.0223969	0.0150485	0.00991832	0.00640157	0.00407154	0.00253011	0.00153007	0.000931059	0.000563654	0.000309278	0.000141126	5.15554e-005	1.49637e-005	3.46371e-006	6.43354e-007	9.63675e-008	1.16704e-008	1.14205e-009	8.99374e-011	5.65127e-012	2.79315e-013	1.0616e-014	2.99332e-016	5.89579e-018	7.2389e-020	4.16999e-022	0	0	0	0	0	0	0	0	0	0	0	0	0	0	0	0	0	0	0	0	0	0	0	0	0	0	0	0	0	0	0	0	0	0	0	0	0	0	0	0	0	0	0	0	0	0	0	0	0	0	0	0	0	0	0	0	0	0	0	0	0	0	0	0	0	0	0	0	0	0	0	

0.105399	0.0773271	0.0556246	0.0392373	0.027143	0.0184099	0.0122583	0.0079915	0.00512078	0.00322586	0.00197256	0.00119349	0.00073021	0.000425568	0.000214536	8.82241e-005	2.90377e-005	7.64689e-006	1.62008e-006	2.77742e-007	3.86883e-008	4.38567e-009	4.04017e-010	3.00992e-011	1.79691e-012	8.4698e-014	3.08024e-015	8.33496e-017	1.57966e-018	1.87065e-020	1.04155e-022	0	0	0	0	0	0	0	0	0	0	0	0	0	0	0	0	0	0	0	0	0	0	0	0	0	0	0	0	0	0	0	0	0	0	0	0	0	0	0	0	0	0	0	0	0	0	0	0	0	0	0	0	0	0	0	0	0	0	0	0	0	0	0	0	0	0	0	0	0	0	

0.122151	0.0905103	0.0657585	0.0468427	0.0327287	0.0224161	0.0150691	0.00993015	0.00641375	0.00408187	0.0025335	0.0015348	0.00093639	0.00056524	0.000309107	0.000141659	5.2552e-005	1.56676e-005	3.76685e-006	7.34686e-007	1.16847e-007	1.52026e-008	1.61921e-009	1.40872e-010	9.95596e-012	5.66057e-013	2.54985e-014	8.8892e-016	2.31209e-017	4.22232e-019	4.82864e-021	2.6015e-023	0	0	0	0	0	0	0	0	0	0	0	0	0	0	0	0	0	0	0	0	0	0	0	0	0	0	0	0	0	0	0	0	0	0	0	0	0	0	0	0	0	0	0	0	0	0	0	0	0	0	0	0	0	0	0	0	0	0	0	0	0	0	0	0	0	0	0	0	0	

0.140858	0.105414	0.0773501	0.0556474	0.0392638	0.027163	0.0184314	0.0122741	0.00800259	0.00513358	0.00323173	0.00197609	0.00119933	0.00073364	0.000425829	0.000214661	8.911e-005	2.99285e-005	8.12875e-006	1.79466e-006	3.23937e-007	4.80149e-008	5.85792e-009	5.88194e-010	4.8469e-011	3.25774e-012	1.76786e-013	7.62502e-015	2.55245e-016	6.391e-018	1.12609e-019	1.24509e-021	6.49783e-024	0	0	0	0	0	0	0	0	0	0	0	0	0	0	0	0	0	0	0	0	0	0	0	0	0	0	0	0	0	0	0	0	0	0	0	0	0	0	0	0	0	0	0	0	0	0	0	0	0	0	0	0	0	0	0	0	0	0	0	0	0	0	0	0	0	0	0	0	

0.161621	0.122161	0.0905306	0.0657807	0.0468687	0.0327515	0.0224366	0.015089	0.00994171	0.00642686	0.00409137	0.00253699	0.00153997	0.000941475	0.00056669	0.000309048	0.000142245	5.35263e-005	1.63535e-005	4.06937e-006	8.29456e-007	1.39215e-007	1.931e-008	2.21694e-009	2.10498e-010	1.64724e-011	1.05536e-012	5.47722e-014	2.26598e-015	7.29485e-017	1.76074e-018	2.99705e-020	3.2074e-022	1.62298e-024	0	0	0	0	0	0	0	0	0	0	0	0	0	0	0	0	0	0	0	0	0	0	0	0	0	0	0	0	0	0	0	0	0	0	0	0	0	0	0	0	0	0	0	0	0	0	0	0	0	0	0	0	0	0	0	0	0	0	0	0	0	0	0	0	0	0	0	

0.18452	0.140864	0.10543	0.0773721	0.0556711	0.0392896	0.0271831	0.0184535	0.0122886	0.00801471	0.00514611	0.0032371	0.00198015	0.00120519	0.00073681	0.000426124	0.000214884	8.9999e-005	3.07948e-005	8.60308e-006	1.97181e-006	3.7287e-007	5.84418e-008	7.61391e-009	8.25218e-010	7.42985e-011	5.53476e-012	3.38724e-013	1.68436e-014	6.69484e-016	2.07573e-017	4.83589e-019	7.96096e-021	8.25471e-023	4.05375e-025	0	0	0	0	0	0	0	0	0	0	0	0	0	0	0	0	0	0	0	0	0	0	0	0	0	0	0	0	0	0	0	0	0	0	0	0	0	0	0	0	0	0	0	0	0	0	0	0	0	0	0	0	0	0	0	0	0	0	0	0	0	0	0	0	0	0	

0.209611	0.16162	0.122171	0.0905513	0.0658023	0.0468956	0.032773	0.0224586	0.0151078	0.00995356	0.00644053	0.00410008	0.00254072	0.00154548	0.000946317	0.000568039	0.000309091	0.000142877	5.44808e-005	1.70234e-005	4.37111e-006	9.27361e-007	1.63414e-007	2.40107e-008	2.94801e-009	3.02508e-010	2.58916e-011	1.84011e-012	1.07778e-013	5.14382e-015	1.96724e-016	5.88223e-018	1.32432e-019	2.11076e-021	2.12262e-023	1.01251e-025	0	0	0	0	0	0	0	0	0	0	0	0	0	0	0	0	0	0	0	0	0	0	0	0	0	0	0	0	0	0	0	0	0	0	0	0	0	0	0	0	0	0	0	0	0	0	0	0	0	0	0	0	0	0	0	0	0	0	0	0	0	0	0	0	0	

0.236928	0.18451	0.140868	0.105447	0.0773927	0.0556964	0.0393141	0.0272039	0.0184756	0.0123023	0.00802783	0.00515815	0.00324219	0.0019847	0.00121099	0.000739759	0.000426461	0.000215192	9.08898e-005	3.16393e-005	9.07043e-006	2.15119e-006	4.24379e-007	6.99655e-008	9.67089e-009	1.1224e-009	1.09332e-010	8.9162e-012	6.05765e-013	3.40177e-014	1.56067e-015	5.75117e-017	1.66049e-018	3.61678e-020	5.5868e-022	5.45365e-024	2.52898e-026	0	0	0	0	0	0	0	0	0	0	0	0	0	0	0	0	0	0	0	0	0	0	0	0	0	0	0	0	0	0	0	0	0	0	0	0	0	0	0	0	0	0	0	0	0	0	0	0	0	0	0	0	0	0	0	0	0	0	0	0	0	0	0	0	

0.266468	0.209592	0.161619	0.122182	0.090571	0.0658245	0.0469222	0.0327939	0.0224816	0.0151254	0.00996601	0.00645443	0.00410812	0.00254475	0.00155122	0.000950928	0.000569315	0.000309229	0.000143547	5.54173e-005	1.76786e-005	4.67195e-006	1.02813e-006	1.89383e-007	2.93185e-008	3.82443e-009	4.20728e-010	3.89977e-011	3.03666e-012	1.97591e-013	1.0656e-014	4.70639e-016	1.67329e-017	4.67042e-019	9.85212e-021	1.47631e-022	1.40012e-024	6.31669e-027	0	0	0	0	0	0	0	0	0	0	0	0	0	0	0	0	0	0	0	0	0	0	0	0	0	0	0	0	0	0	0	0	0	0	0	0	0	0	0	0	0	0	0	0	0	0	0	0	0	0	0	0	0	0	0	0	0	0	0	0	0	0	0	

0.298197	0.236897	0.184501	0.140872	0.105464	0.0774124	0.0557228	0.039337	0.027226	0.0184971	0.0123158	0.00804176	0.00516962	0.00324714	0.00198967	0.00121672	0.000742523	0.000426845	0.000215574	9.17815e-005	3.24641e-005	9.53128e-006	2.33251e-006	4.78317e-007	8.25781e-008	1.2044e-008	1.48693e-009	1.55443e-010	1.37405e-011	1.0236e-012	6.38986e-014	3.31442e-015	1.41116e-016	4.84649e-018	1.30915e-019	2.6772e-021	3.89512e-023	3.59188e-025	1.57774e-027	0	0	0	0	0	0	0	0	0	0	0	0	0	0	0	0	0	0	0	0	0	0	0	0	0	0	0	0	0	0	0	0	0	0	0	0	0	0	0	0	0	0	0	0	0	0	0	0	0	0	0	0	0	0	0	0	0	0	0	0	0	0	

0.33204	0.266427	0.209573	0.161616	0.122194	0.0905893	0.0658481	0.0469479	0.0328151	0.0225052	0.0151419	0.00997924	0.00646831	0.00411562	0.00254913	0.00155713	0.000955323	0.00057054	0.000309451	0.00014425	5.63375e-005	1.83206e-005	4.97182e-006	1.13153e-006	2.17065e-007	3.52442e-008	4.85743e-009	5.69063e-010	5.66613e-011	4.78623e-012	3.41715e-013	2.04979e-014	1.02407e-015	4.20844e-017	1.39777e-018	3.65781e-020	7.25823e-022	1.02619e-023	9.20826e-026	3.94075e-028	0	0	0	0	0	0	0	0	0	0	0	0	0	0	0	0	0	0	0	0	0	0	0	0	0	0	0	0	0	0	0	0	0	0	0	0	0	0	0	0	0	0	0	0	0	0	0	0	0	0	0	0	0	0	0	0	0	0	0	0	0	

0.36788	0.298144	0.236868	0.184491	0.140877	0.105481	0.0774324	0.0557495	0.0393591	0.0272492	0.0185177	0.0123293	0.0080563	0.00518048	0.00325209	0.001995	0.00122233	0.00074513	0.000427278	0.000216023	9.26734e-005	3.32713e-005	9.98607e-006	2.51554e-006	5.34547e-007	9.62684e-008	1.47466e-008	1.92582e-009	2.14609e-010	2.03957e-011	1.64942e-012	1.13048e-013	6.52576e-015	3.14432e-016	1.2487e-017	4.01512e-019	1.01889e-020	1.96352e-022	2.69984e-024	2.3591e-026	9.8429e-029	0	0	0	0	0	0	0	0	0	0	0	0	0	0	0	0	0	0	0	0	0	0	0	0	0	0	0	0	0	0	0	0	0	0	0	0	0	0	0	0	0	0	0	0	0	0	0	0	0	0	0	0	0	0	0	0	0	0	0	0	

0.405555	0.331974	0.266385	0.209555	0.161612	0.122207	0.0906065	0.065873	0.0469722	0.0328371	0.0225287	0.0151578	0.00999327	0.00648198	0.00412272	0.00255386	0.00156314	0.000959521	0.00057173	0.000309752	0.000144982	5.7243e-005	1.89504e-005	5.27068e-006	1.23736e-006	2.46401e-007	4.17954e-008	6.05743e-009	7.51459e-010	7.9832e-011	7.25568e-012	5.62735e-013	3.70824e-014	2.06278e-015	9.59752e-017	3.68733e-018	1.14898e-019	2.82993e-021	5.30081e-023	7.09372e-025	6.04006e-027	2.45848e-029	0	0	0	0	0	0	0	0	0	0	0	0	0	0	0	0	0	0	0	0	0	0	0	0	0	0	0	0	0	0	0	0	0	0	0	0	0	0	0	0	0	0	0	0	0	0	0	0	0	0	0	0	0	0	0	0	0	0	0	

0.444858	0.3678	0.29809	0.236839	0.18448	0.140883	0.105496	0.0774534	0.0557757	0.0393808	0.0272734	0.0185373	0.0123432	0.00807122	0.00519077	0.00325713	0.00200063	0.00122782	0.000747606	0.000427761	0.00021653	9.3565e-005	3.40623e-005	1.04352e-005	2.70006e-006	5.92941e-007	1.11023e-007	1.77901e-008	2.44584e-009	2.88895e-010	2.93178e-011	2.55284e-012	1.90186e-013	1.20668e-014	6.47666e-016	2.91318e-017	1.08391e-018	3.27613e-020	7.83851e-022	1.42823e-023	1.86152e-025	1.54553e-027	6.14061e-030	0	0	0	0	0	0	0	0	0	0	0	0	0	0	0	0	0	0	0	0	0	0	0	0	0	0	0	0	0	0	0	0	0	0	0	0	0	0	0	0	0	0	0	0	0	0	0	0	0	0	0	0	0	0	0	0	0	0	

0.485537	0.405462	0.331908	0.266344	0.209536	0.16161	0.12222	0.0906235	0.0658987	0.0469954	0.0328601	0.0225518	0.0151732	0.010008	0.00649531	0.00412953	0.00255894	0.0015692	0.000963538	0.000572899	0.000310125	0.000145738	5.8135e-005	1.95691e-005	5.5685e-006	1.34541e-006	2.77333e-007	4.89771e-008	7.43405e-009	9.71868e-010	1.0953e-010	1.0638e-011	8.88925e-013	6.37078e-014	3.89705e-015	2.02063e-016	8.79596e-018	3.17254e-019	9.30957e-021	2.16551e-022	3.84097e-024	4.87916e-026	3.95244e-028	1.53375e-030	0	0	0	0	0	0	0	0	0	0	0	0	0	0	0	0	0	0	0	0	0	0	0	0	0	0	0	0	0	0	0	0	0	0	0	0	0	0	0	0	0	0	0	0	0	0	0	0	0	0	0	0	0	0	0	0	0	

0.527293	0.444752	0.367722	0.298036	0.236811	0.184468	0.14089	0.10551	0.0774757	0.0558009	0.0394027	0.027298	0.0185561	0.0123575	0.00808632	0.00520054	0.00326233	0.00200651	0.00123318	0.000749974	0.000428295	0.00021709	9.44558e-005	3.48388e-005	1.08791e-005	2.88592e-006	6.53383e-007	1.26825e-007	2.11845e-008	3.05353e-009	3.8043e-010	4.09885e-011	3.81659e-012	3.06526e-013	2.11626e-014	1.24963e-015	6.26631e-017	2.64258e-018	9.248e-020	2.63687e-021	5.96778e-023	1.03113e-024	1.27741e-026	1.01022e-028	3.83089e-031	0	0	0	0	0	0	0	0	0	0	0	0	0	0	0	0	0	0	0	0	0	0	0	0	0	0	0	0	0	0	0	0	0	0	0	0	0	0	0	0	0	0	0	0	0	0	0	0	0	0	0	0	0	0	0	0	

0.569783	0.485418	0.40537	0.331841	0.266304	0.209516	0.161609	0.122231	0.0906411	0.0659244	0.0470177	0.0328842	0.0225742	0.0151885	0.0100234	0.00650823	0.00413616	0.00256434	0.00157528	0.000967393	0.000574058	0.000310564	0.000146517	5.90146e-005	2.01777e-005	5.86527e-006	1.45554e-006	3.09806e-007	5.67923e-008	8.99614e-009	1.23421e-009	1.46838e-010	1.51521e-011	1.35479e-012	1.0473e-013	6.97443e-015	3.9801e-016	1.93224e-017	7.90154e-019	2.68538e-020	7.44579e-022	1.64074e-023	2.76345e-025	3.34075e-027	2.58074e-029	9.56851e-032	0	0	0	0	0	0	0	0	0	0	0	0	0	0	0	0	0	0	0	0	0	0	0	0	0	0	0	0	0	0	0	0	0	0	0	0	0	0	0	0	0	0	0	0	0	0	0	0	0	0	0	0	0	0	0	

0.612626	0.527163	0.444646	0.367643	0.297983	0.236782	0.184457	0.140898	0.105523	0.0774991	0.0558249	0.0394253	0.0273228	0.018574	0.0123725	0.00810143	0.00520987	0.00326772	0.00201259	0.0012384	0.000752251	0.000428877	0.000217696	9.53456e-005	3.56018e-005	1.1318e-005	3.07295e-006	7.15764e-007	1.43658e-007	2.49382e-008	3.75511e-009	4.91391e-010	5.59327e-011	5.53699e-012	4.76111e-013	3.54734e-014	2.28138e-015	1.25959e-016	5.92603e-018	2.35201e-019	7.76897e-021	2.09632e-022	4.50082e-024	7.39414e-026	8.72791e-028	6.58955e-030	2.38995e-032	0	0	0	0	0	0	0	0	0	0	0	0	0	0	0	0	0	0	0	0	0	0	0	0	0	0	0	0	0	0	0	0	0	0	0	0	0	0	0	0	0	0	0	0	0	0	0	0	0	0	0	0	0	0	

0.655406	0.569644	0.4853	0.405278	0.331774	0.266265	0.209495	0.161608	0.122241	0.0906598	0.0659495	0.0470398	0.032909	0.0225958	0.0152039	0.0100392	0.00652072	0.0041427	0.00257003	0.00158135	0.000971102	0.000575213	0.000311063	0.000147314	5.98829e-005	2.07768e-005	6.161e-006	1.56759e-006	3.43767e-007	6.52422e-008	1.07518e-008	1.54237e-009	1.92891e-010	2.10426e-011	2.0015e-012	1.65741e-013	1.19168e-014	7.40979e-016	3.96214e-017	1.80815e-018	6.97114e-020	2.23973e-021	5.88556e-023	1.232e-024	1.97539e-026	2.27797e-028	1.68175e-030	5.96943e-033	0	0	0	0	0	0	0	0	0	0	0	0	0	0	0	0	0	0	0	0	0	0	0	0	0	0	0	0	0	0	0	0	0	0	0	0	0	0	0	0	0	0	0	0	0	0	0	0	0	0	0	0	0	

0.697676	0.612478	0.527033	0.444541	0.367562	0.29793	0.236752	0.184447	0.140904	0.105537	0.077523	0.0558479	0.0394488	0.0273473	0.0185915	0.0123881	0.00811642	0.00521884	0.00327333	0.00201883	0.00124349	0.000754454	0.000429508	0.000218345	9.62342e-005	3.63526e-005	1.17524e-005	3.26104e-006	7.79984e-007	1.61504e-007	2.90584e-008	4.55654e-009	6.23989e-010	7.47154e-011	7.82431e-012	7.16109e-013	5.71818e-014	3.97224e-015	2.39052e-016	1.23916e-017	5.49016e-019	2.05777e-020	6.4354e-022	1.64801e-023	3.36544e-025	5.26962e-027	5.93983e-029	4.29011e-031	1.491e-033	0	0	0	0	0	0	0	0	0	0	0	0	0	0	0	0	0	0	0	0	0	0	0	0	0	0	0	0	0	0	0	0	0	0	0	0	0	0	0	0	0	0	0	0	0	0	0	0	0	0	0	0	

0.738968	0.655252	0.569504	0.485182	0.405186	0.331708	0.266225	0.209474	0.161609	0.122251	0.0906797	0.0659738	0.047062	0.0329344	0.0226167	0.0152196	0.0100553	0.00653277	0.00414923	0.00257598	0.0015874	0.000974681	0.000576372	0.000311618	0.000148129	6.07407e-005	2.13673e-005	6.45569e-006	1.68142e-006	3.79163e-007	7.43263e-008	1.27083e-008	1.90013e-009	2.48874e-010	2.85792e-011	2.87733e-012	2.53738e-013	1.95613e-014	1.31431e-015	7.66306e-017	3.85428e-018	1.65926e-019	6.0506e-021	1.84318e-022	4.60279e-024	9.17534e-026	1.40375e-027	1.54742e-029	1.09392e-031	3.7241e-034	0	0	0	0	0	0	0	0	0	0	0	0	0	0	0	0	0	0	0	0	0	0	0	0	0	0	0	0	0	0	0	0	0	0	0	0	0	0	0	0	0	0	0	0	0	0	0	0	0	0	0	

0.778801	0.697517	0.612331	0.526903	0.444437	0.367482	0.297879	0.236721	0.184439	0.140909	0.105551	0.0775469	0.0558701	0.0394731	0.0273713	0.0186087	0.0124043	0.00813121	0.00522751	0.00327917	0.00202518	0.00124846	0.000756594	0.000430185	0.000219031	9.71215e-005	3.70921e-005	1.21824e-005	3.45007e-006	8.45951e-007	1.80344e-007	3.3551e-008	5.46343e-009	7.80448e-010	9.7938e-011	1.08029e-011	1.0471e-012	8.90838e-014	6.63804e-015	4.31831e-016	2.44158e-017	1.19259e-018	4.99248e-020	1.7725e-021	5.26303e-023	1.2824e-024	2.49682e-026	3.73436e-028	4.02776e-030	2.78819e-032	9.30178e-035	0	0	0	0	0	0	0	0	0	0	0	0	0	0	0	0	0	0	0	0	0	0	0	0	0	0	0	0	0	0	0	0	0	0	0	0	0	0	0	0	0	0	0	0	0	0	0	0	0	0	

0.816686	0.738808	0.655098	0.569363	0.485065	0.405092	0.331642	0.266184	0.209455	0.161609	0.122259	0.0907004	0.065997	0.0470846	0.03296	0.0226368	0.0152356	0.0100717	0.00654442	0.00415579	0.00258217	0.00159339	0.000978143	0.000577539	0.000312224	0.000148958	6.15888e-005	2.19497e-005	6.74937e-006	1.79693e-006	4.15946e-007	8.40429e-008	1.48726e-008	2.31123e-009	3.16005e-010	3.80556e-011	4.0379e-012	3.773e-013	3.10043e-014	2.23541e-015	1.40938e-016	7.73436e-018	3.67178e-019	1.49582e-020	5.17409e-022	1.49843e-023	3.56462e-025	6.78222e-027	9.92149e-029	1.04751e-030	7.1037e-033	2.32333e-035	0	0	0	0	0	0	0	0	0	0	0	0	0	0	0	0	0	0	0	0	0	0	0	0	0	0	0	0	0	0	0	0	0	0	0	0	0	0	0	0	0	0	0	0	0	0	0	0	0	

0.852144	0.778642	0.697359	0.612183	0.526773	0.444332	0.367402	0.297828	0.23669	0.184431	0.140913	0.105566	0.0775703	0.055892	0.0394982	0.0273948	0.0186258	0.012421	0.00814573	0.00523597	0.00328524	0.00203162	0.0012533	0.000758685	0.000430906	0.000219752	9.80073e-005	3.78212e-005	1.26083e-005	3.63995e-006	9.13579e-007	2.00158e-007	3.8421e-008	6.48113e-009	9.63e-010	1.26236e-010	1.46111e-011	1.49334e-012	1.3468e-013	1.07015e-014	7.47331e-016	4.57066e-017	2.43658e-018	1.12512e-019	4.46361e-021	1.50524e-022	4.25423e-024	9.88621e-026	1.83911e-027	2.63268e-029	2.7221e-031	1.80917e-033	5.80303e-036	0	0	0	0	0	0	0	0	0	0	0	0	0	0	0	0	0	0	0	0	0	0	0	0	0	0	0	0	0	0	0	0	0	0	0	0	0	0	0	0	0	0	0	0	0	0	0	0	

0.884706	0.816533	0.738648	0.654944	0.569223	0.484948	0.404999	0.331578	0.266142	0.209436	0.161608	0.122268	0.0907216	0.0660193	0.047108	0.0329856	0.0226564	0.0152522	0.0100881	0.0065557	0.00416242	0.00258856	0.00159932	0.000981503	0.000578718	0.000312878	0.000149801	6.2428e-005	2.25247e-005	7.04206e-006	1.91399e-006	4.54069e-007	9.43893e-008	1.72505e-008	2.77927e-009	3.95536e-010	4.97886e-011	5.54647e-012	5.46745e-013	4.76477e-014	3.66476e-015	2.48117e-016	1.47331e-017	7.63565e-019	3.432e-020	1.32682e-021	4.36483e-023	1.20461e-024	2.73599e-026	4.97882e-028	6.97749e-030	7.06834e-032	4.60588e-034	1.44944e-036	0	0	0	0	0	0	0	0	0	0	0	0	0	0	0	0	0	0	0	0	0	0	0	0	0	0	0	0	0	0	0	0	0	0	0	0	0	0	0	0	0	0	0	0	0	0	0	

0.913931	0.851997	0.778484	0.697201	0.612034	0.526645	0.444226	0.367323	0.297776	0.236659	0.184423	0.140917	0.105582	0.077593	0.0559139	0.0395238	0.0274175	0.0186429	0.012438	0.00815994	0.00524428	0.00329153	0.00203811	0.00125803	0.000760734	0.000431671	0.000220504	9.88915e-005	3.85407e-005	1.30304e-005	3.83061e-006	9.8279e-007	2.20928e-007	4.36724e-008	7.61465e-009	1.17387e-009	1.60274e-010	1.94013e-011	2.08294e-012	1.98269e-013	1.67145e-014	1.24562e-015	8.18334e-017	4.72168e-018	2.38081e-019	1.04234e-020	3.92942e-022	1.26176e-023	3.40215e-025	7.55621e-027	1.34572e-028	1.84715e-030	1.83404e-032	1.17217e-034	3.62029e-037	0	0	0	0	0	0	0	0	0	0	0	0	0	0	0	0	0	0	0	0	0	0	0	0	0	0	0	0	0	0	0	0	0	0	0	0	0	0	0	0	0	0	0	0	0	0	

0.939413	0.88457	0.816379	0.738488	0.65479	0.569083	0.484832	0.404905	0.331514	0.2661	0.209418	0.161606	0.122278	0.0907429	0.0660409	0.0471321	0.0330109	0.0226755	0.0152692	0.0101045	0.00656664	0.00416917	0.00259513	0.00160519	0.000984771	0.000579911	0.000313575	0.000150656	6.32589e-005	2.30927e-005	7.33378e-006	2.03252e-006	4.93486e-007	1.05362e-007	1.98475e-008	3.30776e-009	4.88741e-010	6.41164e-011	7.47403e-012	7.74282e-013	7.12478e-014	5.81614e-015	4.20354e-016	2.68203e-017	1.50486e-018	7.38772e-020	3.15257e-021	1.15959e-022	3.63652e-024	9.58497e-026	2.08274e-027	3.63178e-029	4.88454e-031	4.75545e-033	2.98207e-035	9.04249e-038	0	0	0	0	0	0	0	0	0	0	0	0	0	0	0	0	0	0	0	0	0	0	0	0	0	0	0	0	0	0	0	0	0	0	0	0	0	0	0	0	0	0	0	0	0	

0.960789	0.913808	0.851851	0.778324	0.697044	0.611885	0.526517	0.44412	0.367246	0.297722	0.236629	0.184415	0.14092	0.105599	0.0776149	0.0559361	0.0395498	0.0274397	0.0186603	0.0124554	0.00817383	0.00525248	0.00329804	0.00204465	0.00126265	0.000762751	0.000432477	0.000221284	9.97742e-005	3.92512e-005	1.3449e-005	4.02196e-006	1.05351e-006	2.42635e-007	4.93084e-008	8.86872e-009	1.41526e-009	2.00743e-010	2.53394e-011	2.84811e-012	2.85037e-013	2.5382e-014	2.0083e-015	1.4089e-016	8.73732e-018	4.77086e-019	2.28188e-020	9.49706e-022	3.41034e-023	1.04509e-024	2.69402e-026	5.72978e-028	9.78694e-030	1.29028e-031	1.23218e-033	7.58408e-036	2.25857e-038	0	0	0	0	0	0	0	0	0	0	0	0	0	0	0	0	0	0	0	0	0	0	0	0	0	0	0	0	0	0	0	0	0	0	0	0	0	0	0	0	0	0	0	0	

0.977751	0.939306	0.884434	0.816224	0.738329	0.654635	0.568945	0.484714	0.404813	0.33145	0.266057	0.209401	0.161604	0.122288	0.0907638	0.0660621	0.0471568	0.0330358	0.0226944	0.0152867	0.0101208	0.0065773	0.00417605	0.00260184	0.00161099	0.000987958	0.000581122	0.000314312	0.000151522	6.4082e-005	2.36543e-005	7.62456e-006	2.15244e-006	5.34154e-007	1.16956e-007	2.26687e-008	3.9001e-009	5.96912e-010	8.13981e-011	9.89946e-012	1.07416e-012	1.03964e-013	8.96792e-015	6.88379e-016	4.69146e-017	2.83001e-018	1.50486e-019	7.01705e-021	2.85005e-022	9.99707e-024	2.99516e-025	7.55476e-027	1.57343e-028	2.63366e-030	3.40485e-032	3.1906e-034	1.92818e-036	5.64135e-039	0	0	0	0	0	0	0	0	0	0	0	0	0	0	0	0	0	0	0	0	0	0	0	0	0	0	0	0	0	0	0	0	0	0	0	0	0	0	0	0	0	0	0	

0.99005	0.960701	0.913685	0.851705	0.778166	0.696886	0.611736	0.526389	0.444013	0.367169	0.297668	0.2366	0.184406	0.140923	0.105617	0.0776358	0.0559588	0.0395759	0.0274613	0.0186779	0.0124729	0.00818741	0.00526064	0.00330474	0.0020512	0.00126716	0.000764742	0.000433322	0.000222091	0.000100655	3.99535e-005	1.38642e-005	4.21395e-006	1.12567e-006	2.65258e-007	5.53312e-008	1.02478e-008	1.68936e-009	2.4836e-010	3.26049e-011	3.82526e-012	4.01146e-013	3.7587e-014	3.14365e-015	2.34301e-016	1.55248e-017	9.11589e-019	4.72375e-020	2.1487e-021	8.52164e-023	2.92135e-024	8.56128e-026	2.11393e-027	4.3131e-029	7.07751e-031	8.976e-033	8.25644e-035	4.90071e-037	1.40895e-039	0	0	0	0	0	0	0	0	0	0	0	0	0	0	0	0	0	0	0	0	0	0	0	0	0	0	0	0	0	0	0	0	0	0	0	0	0	0	0	0	0	0	

0.997503	0.977683	0.939199	0.884298	0.816069	0.738171	0.654479	0.568807	0.484595	0.404721	0.331385	0.266015	0.209384	0.1616	0.1223	0.0907842	0.0660831	0.0471822	0.0330602	0.0227132	0.0153045	0.0101369	0.00658772	0.00418307	0.00260868	0.00161671	0.000991073	0.000582351	0.000315088	0.000152398	6.4898e-005	2.42098e-005	7.91445e-006	2.27365e-006	5.76034e-007	1.29167e-007	2.57184e-008	4.55955e-009	7.21355e-010	1.02012e-010	1.29095e-011	1.46277e-012	1.4841e-013	1.34752e-014	1.09372e-015	7.92138e-017	5.10677e-018	2.92087e-019	1.47589e-020	6.55281e-022	2.53899e-023	8.51104e-025	2.4409e-026	5.9026e-028	1.18031e-029	1.89946e-031	2.36404e-033	2.13523e-035	1.2452e-037	3.5204e-040	0	0	0	0	0	0	0	0	0	0	0	0	0	0	0	0	0	0	0	0	0	0	0	0	0	0	0	0	0	0	0	0	0	0	0	0	0	0	0	0	0	

1	0.990004	0.960612	0.913563	0.851557	0.778008	0.696727	0.611589	0.526261	0.443907	0.367092	0.297613	0.236572	0.184396	0.140927	0.105635	0.0776561	0.055982	0.039602	0.0274823	0.0186959	0.0124906	0.00820068	0.00526878	0.00331164	0.00205775	0.00127158	0.000766713	0.000434204	0.000222921	0.000101535	4.06481e-005	1.42762e-005	4.40652e-006	1.19921e-006	2.88779e-007	6.17427e-008	1.17559e-008	1.99833e-009	3.03858e-010	4.13898e-011	5.05517e-012	5.53821e-013	5.44172e-014	4.7923e-015	3.77788e-016	2.66093e-017	1.67024e-018	9.31154e-020	4.59072e-021	1.99059e-022	7.53922e-024	2.4724e-025	6.94216e-027	1.6448e-028	3.2247e-030	5.09132e-032	6.2205e-034	5.51874e-036	3.163e-038	8.78782e-041	0	0	0	0	0	0	0	0	0	0	0	0	0	0	0	0	0	0	0	0	0	0	0	0	0	0	0	0	0	0	0	0	0	0	0	0	0	0	0	0	

0.997503	0.997479	0.977615	0.939091	0.884162	0.815915	0.738011	0.654324	0.568669	0.484476	0.404631	0.331319	0.265974	0.209367	0.161596	0.122312	0.0908038	0.0661042	0.0472079	0.0330841	0.0227319	0.0153227	0.0101528	0.00659795	0.00419024	0.00261562	0.00162235	0.000994126	0.000583599	0.000315898	0.000153283	6.57072e-005	2.47597e-005	8.20346e-006	2.39608e-006	6.19085e-007	1.41989e-007	2.90005e-008	5.28926e-009	8.63379e-010	1.26352e-010	1.65987e-011	1.95881e-012	2.07702e-013	1.97832e-014	1.69127e-015	1.29597e-016	8.88355e-018	5.43284e-019	2.95402e-020	1.42181e-021	6.02423e-023	2.23139e-024	7.1621e-026	1.96976e-027	4.57439e-029	8.79626e-031	1.36301e-032	1.63535e-034	1.42556e-036	8.03226e-039	2.19037e-041	0	0	0	0	0	0	0	0	0	0	0	0	0	0	0	0	0	0	0	0	0	0	0	0	0	0	0	0	0	0	0	0	0	0	0	0	0	0	0	

0.99005	1	0.989957	0.960523	0.91344	0.851409	0.777851	0.696567	0.611443	0.526131	0.443802	0.367014	0.297559	0.236545	0.184386	0.140931	0.105652	0.0776759	0.0560059	0.0396279	0.0275031	0.0187142	0.0125084	0.00821365	0.00527693	0.00331869	0.0020643	0.00127592	0.000768668	0.000435122	0.000223774	0.000102413	4.13355e-005	1.46852e-005	4.59964e-006	1.27407e-006	3.13179e-007	6.8544e-008	1.33971e-008	2.34427e-009	3.6799e-010	5.18989e-011	6.58305e-012	7.51427e-013	7.7192e-014	7.13355e-015	5.92497e-016	4.41647e-017	2.9483e-018	1.75785e-019	9.32768e-021	4.38537e-022	1.81656e-023	6.58353e-025	2.06914e-026	5.57623e-028	1.26979e-029	2.39576e-031	3.64463e-033	4.29559e-035	3.68035e-037	2.03914e-039	5.54214e-042	0	0	0	0	0	0	0	0	0	0	0	0	0	0	0	0	0	0	0	0	0	0	0	0	0	0	0	0	0	0	0	0	0	0	0	0	0	0	

0.977751	0.997526	0.997456	0.977546	0.938985	0.884025	0.815761	0.737851	0.65417	0.568531	0.484357	0.404541	0.331252	0.265934	0.209349	0.161593	0.122324	0.0908227	0.0661256	0.047234	0.0331074	0.0227508	0.0153413	0.0101686	0.00660802	0.00419757	0.00262264	0.00162792	0.000997123	0.000584868	0.000316741	0.000154175	6.65102e-005	2.53043e-005	8.49164e-006	2.51969e-006	6.6327e-007	1.55417e-007	3.25185e-008	6.09224e-009	1.0243e-009	1.54831e-010	2.10694e-011	2.58333e-012	2.85507e-013	2.84407e-014	2.55221e-015	2.06109e-016	1.49555e-017	9.72952e-019	5.65898e-020	2.9321e-021	1.34724e-022	5.45864e-024	1.93654e-025	5.96226e-027	1.57512e-028	3.51834e-030	6.51553e-032	9.73449e-034	1.12739e-035	9.4964e-038	5.17769e-040	1.32002e-042	0	0	0	0	0	0	0	0	0	0	0	0	0	0	0	0	0	0	0	0	0	0	0	0	0	0	0	0	0	0	0	0	0	0	0	0	0	

0.960789	0.990096	0.999999	0.989911	0.960434	0.913318	0.851262	0.777694	0.696408	0.611297	0.526001	0.443698	0.366936	0.297505	0.236518	0.184374	0.140937	0.105669	0.0776954	0.0560303	0.0396534	0.0275235	0.0187328	0.0125261	0.00822637	0.00528514	0.00332591	0.00207083	0.00128016	0.000770613	0.000436075	0.000224646	0.000103289	4.20162e-005	1.50914e-005	4.79325e-006	1.35019e-006	3.3844e-007	7.57358e-008	1.51749e-008	2.72927e-009	4.41522e-010	6.43484e-011	8.45859e-012	1.00355e-012	1.0749e-013	1.03922e-014	9.06301e-016	7.12152e-017	5.0337e-018	3.19332e-019	1.81292e-020	9.17702e-022	4.12308e-023	1.63479e-024	5.67973e-026	1.71373e-027	4.43978e-029	9.73144e-031	1.76945e-032	2.59712e-034	2.95648e-036	2.44911e-038	1.31422e-040	2.63444e-043	0	0	0	0	0	0	0	0	0	0	0	0	0	0	0	0	0	0	0	0	0	0	0	0	0	0	0	0	0	0	0	0	0	0	0	0	

0.939413	0.97782	0.997549	0.997433	0.977476	0.938879	0.883887	0.815609	0.73769	0.654016	0.568392	0.484239	0.404451	0.331184	0.265895	0.20933	0.16159	0.122337	0.0908409	0.0661474	0.0472602	0.0331303	0.0227698	0.01536	0.010184	0.00661798	0.00420505	0.00262973	0.00163342	0.00100007	0.000586158	0.000317614	0.000155075	6.73073e-005	2.5844e-005	8.77901e-006	2.64439e-006	7.08556e-007	1.69443e-007	3.62755e-008	6.9714e-009	1.20542e-009	1.87875e-010	2.64315e-011	3.35984e-012	3.86097e-013	4.01151e-014	3.76722e-015	3.19526e-016	2.44472e-017	1.68436e-018	1.04259e-019	5.78071e-021	2.86031e-022	1.25718e-023	4.88012e-025	1.66114e-026	4.91384e-028	1.24888e-029	2.68706e-031	4.79874e-033	6.92161e-035	7.7471e-037	6.31323e-039	3.325e-041	0	0	0	0	0	0	0	0	0	0	0	0	0	0	0	0	0	0	0	0	0	0	0	0	0	0	0	0	0	0	0	0	0	0	0	0	

0.913931	0.960878	0.990142	0.999999	0.989863	0.960345	0.913194	0.851116	0.777536	0.696249	0.611151	0.52587	0.443595	0.366857	0.297452	0.23649	0.184363	0.140943	0.105686	0.0777148	0.0560552	0.0396785	0.0275438	0.0187518	0.0125438	0.00823884	0.0052934	0.00333326	0.00207734	0.00128434	0.00077255	0.000437059	0.000225537	0.000104164	4.26906e-005	1.54949e-005	4.98733e-006	1.42753e-006	3.64544e-007	8.33182e-008	1.70927e-008	3.15535e-009	5.25233e-010	7.8966e-011	1.0736e-011	1.32105e-012	1.47176e-013	1.48457e-014	1.35527e-015	1.11878e-016	8.34026e-018	5.60458e-019	3.38685e-020	1.83495e-021	8.87932e-023	3.81967e-024	1.45225e-025	4.84508e-027	1.40567e-028	3.50604e-030	7.40731e-032	1.29969e-033	1.84278e-035	2.02851e-037	1.62667e-039	8.18078e-042	0	0	0	0	0	0	0	0	0	0	0	0	0	0	0	0	0	0	0	0	0	0	0	0	0	0	0	0	0	0	0	0	0	0	0	

0.884706	0.93952	0.977888	0.997572	0.997409	0.977407	0.938772	0.88375	0.815456	0.737529	0.653864	0.568252	0.484122	0.404361	0.331117	0.265857	0.209311	0.161587	0.12235	0.0908585	0.0661698	0.0472863	0.0331527	0.0227891	0.0153789	0.0101993	0.00662786	0.00421267	0.00263688	0.00163884	0.00100298	0.000587469	0.000318516	0.000155982	6.80989e-005	2.6379e-005	9.06562e-006	2.77014e-006	7.54908e-007	1.84062e-007	4.02741e-008	7.92951e-009	1.40806e-009	2.25924e-010	3.28026e-011	4.3144e-012	5.14384e-013	5.56071e-014	5.44999e-015	4.84013e-016	3.89138e-017	2.82831e-018	1.85483e-019	1.09488e-020	5.79932e-022	2.74576e-023	1.15655e-024	4.30868e-026	1.40947e-027	4.01202e-029	9.8238e-031	2.03869e-032	3.51552e-034	4.90121e-036	5.3076e-038	4.18543e-040	2.11176e-042	0	0	0	0	0	0	0	0	0	0	0	0	0	0	0	0	0	0	0	0	0	0	0	0	0	0	0	0	0	0	0	0	0	0	

0.852144	0.914054	0.960967	0.990187	1	0.989815	0.960257	0.913069	0.85097	0.777376	0.696091	0.611004	0.52574	0.443493	0.366777	0.2974	0.236462	0.184351	0.140949	0.105701	0.0777343	0.0560805	0.0397032	0.027564	0.0187711	0.0125614	0.00825111	0.00530175	0.00334073	0.00208381	0.00128844	0.000774483	0.000438075	0.000226446	0.000105037	4.33592e-005	1.58959e-005	5.18184e-006	1.50604e-006	3.91473e-007	9.12911e-008	1.91536e-008	3.62449e-009	6.19909e-010	9.59898e-011	1.34742e-011	1.71614e-012	1.98431e-013	2.08322e-014	1.98534e-015	1.71648e-016	1.34492e-017	9.53608e-019	6.10666e-020	3.52294e-021	1.82519e-022	8.45903e-024	3.49031e-025	1.27462e-026	4.08984e-028	1.14259e-029	2.74749e-031	5.60237e-033	9.49723e-035	1.3023e-036	1.38773e-038	1.07672e-040	5.2829e-043	0	0	0	0	0	0	0	0	0	0	0	0	0	0	0	0	0	0	0	0	0	0	0	0	0	0	0	0	0	0	0	0	0	

0.816686	0.884842	0.939627	0.977955	0.997596	0.997384	0.977339	0.938664	0.883613	0.815302	0.737368	0.653712	0.568112	0.484007	0.404269	0.331051	0.265819	0.209291	0.161585	0.122363	0.0908758	0.0661926	0.0473123	0.0331747	0.0228085	0.015398	0.0102143	0.00663768	0.00422044	0.00264406	0.0016442	0.00100585	0.0005888	0.000319444	0.000156895	6.88853e-005	2.69096e-005	9.35149e-006	2.8969e-006	8.02296e-007	1.99267e-007	4.45169e-008	8.96921e-009	1.6335e-009	2.69427e-010	4.03072e-011	5.47565e-012	6.75977e-013	7.58661e-014	7.74108e-015	7.17878e-016	6.04626e-017	4.61985e-018	3.19744e-019	2.00044e-020	1.12845e-021	5.72112e-023	2.59664e-024	1.04996e-025	3.76004e-027	1.18383e-028	3.24714e-030	7.6703e-032	1.53724e-033	2.56259e-035	3.4571e-037	3.62596e-039	2.74458e-041	2.63444e-043	0	0	0	0	0	0	0	0	0	0	0	0	0	0	0	0	0	0	0	0	0	0	0	0	0	0	0	0	0	0	0	0	

0.778801	0.852291	0.914176	0.961055	0.990233	0.999999	0.989768	0.960169	0.912944	0.850825	0.777216	0.695935	0.610856	0.525611	0.44339	0.366697	0.297349	0.236434	0.18434	0.140956	0.105717	0.0777541	0.056106	0.0397275	0.0275842	0.0187907	0.0125789	0.00826319	0.00531018	0.0033483	0.00209025	0.00129248	0.000776415	0.00043912	0.00022737	0.000105909	4.40222e-005	1.62945e-005	5.37676e-006	1.58567e-006	4.19211e-007	9.96537e-008	2.13605e-008	4.13863e-009	7.26344e-010	1.15668e-010	1.67363e-011	2.20246e-012	2.63775e-013	2.87584e-014	2.8541e-015	2.57732e-016	2.116e-017	1.5776e-018	1.06638e-019	6.52151e-021	3.59888e-022	1.78631e-023	7.94303e-025	3.14875e-026	1.10617e-027	3.41855e-029	9.20918e-031	2.13763e-032	4.21195e-034	6.90639e-036	9.16885e-038	9.46339e-040	7.38905e-042	0	0	0	0	0	0	0	0	0	0	0	0	0	0	0	0	0	0	0	0	0	0	0	0	0	0	0	0	0	0	0	0	

0.738968	0.816841	0.884977	0.939734	0.978022	0.997619	0.997359	0.977271	0.938555	0.883478	0.815148	0.737209	0.65356	0.567971	0.483891	0.404177	0.330985	0.26578	0.20927	0.161584	0.122375	0.0908928	0.0662159	0.0473381	0.0331965	0.0228283	0.0154171	0.0102291	0.00664747	0.00422834	0.00265126	0.00164948	0.00100868	0.000590154	0.000320397	0.000157814	6.96669e-005	2.74362e-005	9.63667e-006	3.02461e-006	8.50688e-007	2.15052e-007	4.90057e-008	1.0093e-008	1.88303e-009	3.18849e-010	4.90773e-011	6.87486e-012	8.77213e-013	1.02006e-013	1.0812e-014	1.04441e-015	9.18982e-017	7.35921e-018	5.35671e-019	3.53818e-020	2.11614e-021	1.14295e-022	5.5564e-024	2.42157e-025	9.41462e-027	3.24567e-028	9.84901e-030	2.60662e-031	5.94729e-033	1.15243e-034	1.85921e-036	2.42955e-038	2.47272e-040	1.84691e-042	0	0	0	0	0	0	0	0	0	0	0	0	0	0	0	0	0	0	0	0	0	0	0	0	0	0	0	0	0	0	0	

0.697676	0.778959	0.852437	0.914299	0.961142	0.99028	0.999998	0.989721	0.960079	0.91282	0.850679	0.777057	0.695778	0.610708	0.525483	0.443287	0.366617	0.297298	0.236404	0.184329	0.140963	0.105731	0.0777742	0.0561316	0.0397513	0.0276045	0.0188106	0.0125962	0.00827512	0.00531871	0.00335597	0.00209664	0.00129647	0.000778346	0.000440193	0.00022831	0.00010678	4.46801e-005	1.66909e-005	5.57207e-006	1.66639e-006	4.4774e-007	1.08405e-007	2.37161e-008	4.69965e-009	8.45336e-010	1.38259e-010	2.05902e-011	2.79507e-012	3.46102e-013	3.9108e-014	4.03286e-015	3.79433e-016	3.2552e-017	2.54408e-018	1.80892e-019	1.16812e-020	6.83571e-022	3.61509e-023	1.72204e-024	7.35852e-026	2.80678e-027	9.499e-029	2.83123e-030	7.36374e-032	1.65194e-033	3.14885e-035	4.99949e-037	6.43251e-039	6.43911e-041	5.2829e-043	0	0	0	0	0	0	0	0	0	0	0	0	0	0	0	0	0	0	0	0	0	0	0	0	0	0	0	0	0	0	

0.655406	0.739128	0.816995	0.885113	0.93984	0.978089	0.997642	0.997333	0.977203	0.938446	0.883343	0.814992	0.73705	0.653406	0.567831	0.483777	0.404084	0.330921	0.265741	0.209249	0.161583	0.122387	0.0909097	0.0662396	0.0473635	0.0332181	0.0228484	0.0154362	0.0102436	0.00665726	0.00423638	0.00265849	0.0016547	0.00101149	0.000591527	0.000321374	0.000158737	7.0444e-005	2.79589e-005	9.92117e-006	3.15323e-006	9.00056e-007	2.31408e-007	5.37424e-008	1.13034e-008	2.15792e-009	3.74658e-010	5.92511e-011	8.54598e-012	1.1252e-012	1.35322e-013	1.48696e-014	1.49285e-015	1.36891e-016	1.14574e-017	8.74396e-019	6.07635e-020	3.83805e-021	2.19854e-022	1.13896e-023	5.31816e-025	2.22901e-026	8.34444e-028	2.77318e-029	8.12118e-031	2.07639e-032	4.58122e-034	8.59242e-036	1.34294e-037	1.70161e-039	1.66264e-041	2.63444e-043	0	0	0	0	0	0	0	0	0	0	0	0	0	0	0	0	0	0	0	0	0	0	0	0	0	0	0	0	0	

0.612626	0.697835	0.779118	0.852583	0.914423	0.961229	0.990326	0.999995	0.989675	0.959989	0.912698	0.850532	0.776898	0.695622	0.610559	0.525356	0.443182	0.366537	0.297248	0.236374	0.184318	0.14097	0.105745	0.0777947	0.0561573	0.0397748	0.0276249	0.0188306	0.0126133	0.00828692	0.00532733	0.00336373	0.002103	0.00130039	0.00078028	0.000441293	0.000229263	0.000107649	4.53331e-005	1.70851e-005	5.76774e-006	1.74814e-006	4.77045e-007	1.17545e-007	2.62229e-008	5.30936e-009	9.77686e-010	1.64027e-010	2.51081e-011	3.51056e-012	4.48695e-013	5.24508e-014	5.60872e-015	5.48581e-016	4.90572e-017	4.00801e-018	2.9885e-019	2.03072e-020	1.25521e-021	7.04137e-023	3.57475e-024	1.6368e-025	6.73144e-027	2.47403e-028	8.07672e-030	2.32462e-031	5.84429e-033	1.26852e-034	2.34164e-036	3.60358e-038	4.49684e-040	4.48556e-042	0	0	0	0	0	0	0	0	0	0	0	0	0	0	0	0	0	0	0	0	0	0	0	0	0	0	0	0	0	

0.569783	0.655561	0.739289	0.817148	0.88525	0.939946	0.978158	0.997664	0.997309	0.977134	0.938337	0.883207	0.814837	0.736892	0.653252	0.567692	0.483662	0.403991	0.330857	0.265702	0.209229	0.161583	0.122398	0.0909268	0.0662636	0.0473887	0.0332395	0.0228687	0.0154553	0.010258	0.00666706	0.00424453	0.00266572	0.00165986	0.00101427	0.000592922	0.000322373	0.000159666	7.12167e-005	2.84779e-005	1.0205e-005	3.28273e-006	9.50374e-007	2.4833e-007	5.87284e-008	1.26025e-008	2.45942e-009	4.37335e-010	7.0974e-011	1.05256e-011	1.42787e-012	1.77303e-013	2.01606e-014	2.09939e-015	2.00172e-016	1.74672e-017	1.39381e-018	1.0159e-019	6.7533e-021	4.08674e-022	2.24602e-023	1.11786e-024	5.02103e-026	2.02683e-027	7.31591e-029	2.34684e-030	6.64053e-032	1.64207e-033	3.50725e-035	6.37359e-037	9.65999e-039	1.18753e-040	1.05518e-042	0	0	0	0	0	0	0	0	0	0	0	0	0	0	0	0	0	0	0	0	0	0	0	0	0	0	0	0	

0.527292	0.612775	0.697993	0.779277	0.852729	0.914545	0.961317	0.990372	0.999993	0.989628	0.959897	0.912575	0.850385	0.776739	0.695465	0.61041	0.52523	0.443078	0.366459	0.297198	0.236344	0.184309	0.140977	0.105759	0.0778156	0.0561829	0.0397979	0.0276454	0.0188508	0.0126302	0.00829861	0.00533606	0.00337155	0.00210931	0.00130427	0.000782218	0.000442418	0.00023023	0.000108517	4.59816e-005	1.74774e-005	5.96376e-006	1.83091e-006	5.0711e-007	1.2707e-007	2.88832e-008	5.96955e-009	1.1242e-009	1.93248e-010	3.03666e-011	4.36705e-012	5.75262e-013	6.9451e-014	7.68701e-015	7.80024e-016	7.25464e-017	6.1807e-018	4.81946e-019	3.43543e-020	2.23518e-021	1.3248e-022	7.1361e-024	3.48324e-025	1.53532e-026	6.08528e-028	2.15786e-029	6.80379e-031	1.8932e-032	4.60586e-034	9.68284e-036	1.73269e-037	2.58699e-039	3.11397e-041	2.63444e-043	0	0	0	0	0	0	0	0	0	0	0	0	0	0	0	0	0	0	0	0	0	0	0	0	0	0	0	

0.485537	0.569923	0.655715	0.739449	0.817302	0.885387	0.940051	0.978226	0.997685	0.997285	0.977064	0.938229	0.883071	0.814681	0.736734	0.653097	0.567554	0.483546	0.403898	0.330794	0.265662	0.209208	0.161583	0.122409	0.090944	0.0662879	0.0474134	0.0332609	0.0228892	0.0154743	0.0102721	0.00667688	0.00425279	0.00267295	0.00166495	0.00101704	0.000594337	0.000323392	0.000160599	7.19854e-005	2.89935e-005	1.04883e-005	3.41307e-006	1.00161e-006	2.65811e-007	6.39651e-008	1.39926e-008	2.78877e-009	5.07364e-010	8.4397e-011	1.28531e-011	1.79397e-012	2.29652e-013	2.69764e-014	2.90834e-015	2.87758e-016	2.61205e-017	2.1739e-018	1.65729e-019	1.1559e-020	7.3639e-022	4.27665e-023	2.25867e-024	1.08164e-025	4.6801e-027	1.82194e-028	6.34893e-030	1.96819e-031	5.38712e-033	1.28976e-034	2.66947e-036	4.70485e-038	6.9194e-040	8.18078e-042	0	0	0	0	0	0	0	0	0	0	0	0	0	0	0	0	0	0	0	0	0	0	0	0	0	0	0	

0.444858	0.527422	0.612923	0.698153	0.779435	0.852876	0.914667	0.961405	0.990417	0.999992	0.989581	0.959806	0.912453	0.850236	0.776582	0.695308	0.610262	0.525104	0.442972	0.366381	0.297147	0.236313	0.1843	0.140984	0.105773	0.077837	0.0562084	0.0398207	0.0276662	0.0188711	0.012647	0.00831022	0.0053449	0.00337943	0.00211557	0.00130811	0.00078416	0.000443568	0.000231208	0.000109384	4.66258e-005	1.78677e-005	6.16011e-006	1.91465e-006	5.3792e-007	1.36981e-007	3.1699e-008	6.68192e-009	1.28567e-009	2.26203e-010	3.64466e-011	5.38422e-012	7.29953e-013	9.0877e-014	1.03936e-014	1.09217e-015	1.05429e-016	9.34547e-018	7.60181e-019	5.66869e-020	3.87023e-021	2.41527e-022	1.37496e-023	7.12263e-025	3.34755e-026	1.42234e-027	5.44021e-029	1.86352e-030	5.68148e-032	1.53006e-033	3.60586e-035	7.34941e-037	1.27605e-038	1.84729e-040	2.11176e-042	0	0	0	0	0	0	0	0	0	0	0	0	0	0	0	0	0	0	0	0	0	0	0	0	0	0	

0.405554	0.485655	0.570063	0.65587	0.739609	0.817456	0.885523	0.940157	0.978294	0.997706	0.997262	0.976993	0.938123	0.882935	0.814527	0.736577	0.652942	0.567417	0.48343	0.403806	0.330731	0.265621	0.209189	0.161583	0.122419	0.0909614	0.0663124	0.0474378	0.0332822	0.02291	0.0154933	0.0102861	0.00668675	0.00426115	0.00268019	0.00166999	0.00101978	0.000595773	0.000324431	0.000161536	7.27504e-005	2.95059e-005	1.0771e-005	3.54421e-006	1.05375e-006	2.83844e-007	6.94533e-008	1.54758e-008	3.14718e-009	5.85238e-010	9.96775e-011	1.55705e-011	2.23314e-012	2.94299e-013	3.56582e-014	3.97337e-015	4.07198e-016	3.83716e-017	3.32329e-018	2.64336e-019	1.92899e-020	1.28974e-021	7.88767e-023	4.40319e-024	2.23807e-025	1.03268e-026	4.31006e-028	1.62016e-029	5.45699e-031	1.63666e-032	4.33785e-034	1.00653e-035	2.02069e-037	3.4568e-039	4.93495e-041	5.2829e-043	0	0	0	0	0	0	0	0	0	0	0	0	0	0	0	0	0	0	0	0	0	0	0	0	0	

0.367879	0.444964	0.527553	0.613071	0.698312	0.779593	0.853024	0.914788	0.961494	0.990461	0.999991	0.989533	0.959716	0.912331	0.850088	0.776425	0.69515	0.610115	0.524977	0.442866	0.366304	0.297096	0.236282	0.184291	0.14099	0.105786	0.0778587	0.0562336	0.0398432	0.0276871	0.0188914	0.0126636	0.00832177	0.00535383	0.00338736	0.00212179	0.0013119	0.000786109	0.000444741	0.000232198	0.00011025	4.72659e-005	1.82563e-005	6.35678e-006	1.99933e-006	5.6946e-007	1.47274e-007	3.46725e-008	7.44814e-009	1.46289e-009	2.6318e-010	4.34331e-011	6.58336e-012	9.17388e-013	1.1761e-013	1.38778e-014	1.50758e-015	1.50766e-016	1.38765e-017	1.17482e-018	9.14193e-020	6.53145e-021	4.27843e-022	2.56516e-023	1.40471e-024	7.00811e-026	3.1757e-027	1.30236e-028	4.81279e-030	1.59436e-031	4.70525e-033	1.22766e-034	2.80534e-036	5.54856e-038	9.35519e-040	1.29312e-041	2.63444e-043	0	0	0	0	0	0	0	0	0	0	0	0	0	0	0	0	0	0	0	0	0	0	0	0	

0.33204	0.405647	0.485774	0.570203	0.656025	0.739769	0.81761	0.885658	0.940263	0.978361	0.997728	0.997238	0.976921	0.938016	0.882797	0.814373	0.736418	0.652787	0.567281	0.483313	0.403714	0.330668	0.26558	0.20917	0.161584	0.122429	0.0909792	0.0663369	0.0474619	0.0333036	0.022931	0.0155121	0.0102999	0.00669666	0.0042696	0.00268741	0.00167498	0.00102251	0.000597228	0.000325488	0.000162477	7.35117e-005	3.00152e-005	1.10531e-005	3.67614e-006	1.10677e-006	3.02421e-007	7.5194e-008	1.7054e-008	3.53585e-009	6.71452e-010	1.16978e-010	1.87224e-011	2.75592e-012	3.73415e-013	4.6602e-014	5.35881e-015	5.67863e-016	5.54484e-017	4.98722e-018	4.1295e-019	3.14513e-020	2.20087e-021	1.413e-022	8.30847e-024	4.46478e-025	2.18708e-026	9.73616e-028	3.92449e-029	1.42614e-030	4.64796e-032	1.35008e-033	3.46845e-035	7.80726e-037	1.52164e-038	2.5255e-040	3.69382e-042	0	0	0	0	0	0	0	0	0	0	0	0	0	0	0	0	0	0	0	0	0	0	0	0	

0.298197	0.367959	0.445069	0.527682	0.61322	0.698471	0.779751	0.853171	0.914909	0.961583	0.990505	0.999991	0.989484	0.959626	0.912207	0.849939	0.776269	0.694991	0.609969	0.524851	0.442761	0.366227	0.297044	0.236252	0.184283	0.140996	0.1058	0.0778807	0.0562586	0.0398656	0.0277083	0.0189118	0.01268	0.00833327	0.00536287	0.00339533	0.00212797	0.00131565	0.000788065	0.000445936	0.000233199	0.000111114	4.79022e-005	1.86431e-005	6.55376e-006	2.08493e-006	6.01716e-007	1.57949e-007	3.78052e-008	8.26982e-009	1.65668e-009	3.04474e-010	5.14151e-011	7.98735e-012	1.14267e-012	1.50654e-013	1.83148e-014	2.05362e-015	2.12404e-016	2.02609e-017	1.78172e-018	1.44353e-019	1.07654e-020	7.38154e-022	4.64662e-023	2.68053e-024	1.41402e-025	6.80317e-027	2.97611e-028	1.17943e-029	4.21582e-031	1.3521e-032	3.86645e-034	9.783e-036	2.16963e-037	4.16748e-039	6.86132e-041	7.91734e-043	0	0	0	0	0	0	0	0	0	0	0	0	0	0	0	0	0	0	0	0	0	0	0	

0.266468	0.332106	0.40574	0.485893	0.570342	0.656181	0.739928	0.817765	0.885793	0.94037	0.978427	0.99775	0.997213	0.97685	0.937909	0.882658	0.81422	0.736259	0.652632	0.567145	0.483196	0.403623	0.330605	0.265538	0.209151	0.161584	0.122438	0.0909974	0.0663614	0.0474856	0.033325	0.0229521	0.0155309	0.0103136	0.00670662	0.00427814	0.00269462	0.00167992	0.00102523	0.000598702	0.000326563	0.000163422	7.42697e-005	3.05216e-005	1.13348e-005	3.80882e-006	1.16064e-006	3.21536e-007	8.11878e-008	1.87291e-008	3.95594e-009	7.66506e-010	1.36468e-010	2.23562e-011	3.37377e-012	4.6943e-013	6.02638e-014	7.14108e-015	7.81252e-016	7.8911e-017	7.35711e-018	6.32857e-019	5.01919e-020	3.66678e-021	2.46452e-022	1.52168e-023	8.61517e-025	4.46268e-026	2.1095e-027	9.0711e-029	3.53536e-030	1.24334e-031	3.92506e-033	1.10526e-034	2.75489e-036	6.02091e-038	1.1403e-039	1.82085e-041	2.63444e-043	0	0	0	0	0	0	0	0	0	0	0	0	0	0	0	0	0	0	0	0	0	0	

0.236928	0.298251	0.368038	0.445176	0.527812	0.613369	0.698629	0.77991	0.853316	0.915032	0.961671	0.990549	0.99999	0.989434	0.959537	0.912083	0.849792	0.776113	0.694831	0.609823	0.524723	0.442656	0.366151	0.296992	0.236222	0.184275	0.141001	0.105814	0.077903	0.0562833	0.0398879	0.0277296	0.0189323	0.0126962	0.00834474	0.005372	0.00340334	0.0021341	0.00131938	0.000790029	0.000447152	0.00023421	0.000111978	4.85348e-005	1.90284e-005	6.75104e-006	2.17142e-006	6.34675e-007	1.69002e-007	4.1099e-008	9.14851e-009	1.8678e-009	3.50385e-010	6.04858e-011	9.62073e-012	1.41143e-012	1.91142e-013	2.39086e-014	2.76318e-015	2.95114e-016	2.91251e-017	2.65536e-018	2.23531e-019	1.73618e-020	1.24298e-021	8.19237e-023	4.96316e-024	2.75867e-025	1.40368e-026	6.5209e-028	2.75712e-029	1.05705e-030	3.65855e-032	1.13712e-033	3.15379e-035	7.74554e-037	1.66855e-038	3.11399e-040	5.01385e-042	0	0	0	0	0	0	0	0	0	0	0	0	0	0	0	0	0	0	0	0	0	0	

0.209611	0.266509	0.332173	0.405833	0.486011	0.570483	0.656336	0.740088	0.81792	0.885927	0.940478	0.978493	0.997773	0.997187	0.97678	0.937802	0.882519	0.814067	0.736099	0.652479	0.567009	0.483078	0.403532	0.330542	0.265497	0.209133	0.161583	0.122448	0.0910158	0.0663859	0.047509	0.0333466	0.0229734	0.0155495	0.0103272	0.00671665	0.00428676	0.00270181	0.00168481	0.00102793	0.000600195	0.000327654	0.00016437	7.50245e-005	3.10253e-005	1.16159e-005	3.94222e-006	1.21534e-006	3.41182e-007	8.74352e-008	2.05029e-008	4.40861e-009	8.70902e-010	1.58319e-010	2.65219e-011	4.09909e-012	5.85045e-013	7.7165e-014	9.4102e-015	1.06134e-015	1.10718e-016	1.06819e-017	9.52779e-019	7.85262e-020	5.97555e-021	4.19409e-022	2.71167e-023	1.61246e-024	8.8019e-026	4.40061e-027	2.00972e-028	8.35739e-030	3.15276e-031	1.07416e-032	3.2878e-034	8.98344e-036	2.17435e-037	4.61795e-039	8.49747e-041	1.32002e-042	0	0	0	0	0	0	0	0	0	0	0	0	0	0	0	0	0	0	0	0	0	

0.184519	0.236957	0.298305	0.368118	0.445283	0.527942	0.613519	0.698787	0.78007	0.853462	0.915155	0.961757	0.990593	0.999989	0.989384	0.959449	0.911958	0.849645	0.775956	0.694672	0.609678	0.524596	0.442551	0.366076	0.29694	0.236192	0.184267	0.141006	0.105828	0.0779254	0.0563077	0.03991	0.0277512	0.0189527	0.0127123	0.0083562	0.00538122	0.00341137	0.00214018	0.00132307	0.000792001	0.000448388	0.00023523	0.00011284	4.91641e-005	1.94121e-005	6.94861e-006	2.25876e-006	6.68323e-007	1.80432e-007	4.45552e-008	1.00857e-008	2.09706e-009	4.01217e-010	7.07419e-011	1.15096e-011	1.7298e-012	2.40352e-013	3.08952e-014	3.67544e-015	4.04763e-016	4.12647e-017	3.89372e-018	3.39934e-019	2.74415e-020	2.04668e-021	1.40884e-022	8.93854e-024	5.2188e-025	2.79857e-026	1.37522e-027	6.17589e-029	2.5266e-030	9.38094e-032	3.14697e-033	9.48791e-035	2.55453e-036	6.09483e-038	1.27621e-039	2.32237e-041	2.63444e-043	0	0	0	0	0	0	0	0	0	0	0	0	0	0	0	0	0	0	0	0	

0.161621	0.20963	0.266551	0.332239	0.405926	0.486129	0.570624	0.656491	0.740249	0.818074	0.886062	0.940584	0.978558	0.997796	0.99716	0.97671	0.937694	0.882381	0.813915	0.735939	0.652326	0.566872	0.48296	0.403443	0.330478	0.265455	0.209115	0.161583	0.122457	0.0910347	0.0664102	0.0475322	0.0333683	0.0229948	0.015568	0.0103407	0.00672673	0.00429545	0.00270898	0.00168965	0.00103063	0.000601706	0.000328761	0.000165321	7.57762e-005	3.15264e-005	1.18966e-005	4.07633e-006	1.27085e-006	3.61353e-007	9.39364e-008	2.2377e-008	4.89498e-009	9.85146e-010	1.82711e-010	3.1272e-011	4.94527e-012	7.23247e-013	9.7898e-014	1.22714e-014	1.42494e-015	1.53305e-016	1.52813e-017	1.41093e-018	1.20616e-019	9.54085e-021	6.97709e-022	4.71186e-023	2.93463e-024	1.68285e-025	8.86797e-027	4.28431e-028	1.89249e-029	7.61876e-031	2.78478e-032	9.20044e-034	2.73289e-035	7.25203e-037	1.70589e-038	3.52305e-040	6.33247e-042	0	0	0	0	0	0	0	0	0	0	0	0	0	0	0	0	0	0	0	0	

0.140858	0.18453	0.236987	0.298358	0.368197	0.445389	0.528072	0.613668	0.698946	0.780229	0.853607	0.915278	0.961843	0.990638	0.999987	0.989335	0.95936	0.911832	0.849499	0.775798	0.694513	0.609533	0.524467	0.442446	0.366	0.296887	0.236163	0.18426	0.14101	0.105842	0.077948	0.0563318	0.0399321	0.0277729	0.0189731	0.0127282	0.00836765	0.00539053	0.00341943	0.00214623	0.00132673	0.000793983	0.000449644	0.000236259	0.000113702	4.97902e-005	1.97943e-005	7.14647e-006	2.34694e-006	7.02647e-007	1.92237e-007	4.81753e-008	1.10829e-008	2.34522e-009	4.57281e-010	8.22839e-011	1.36819e-011	2.10449e-012	2.99709e-013	3.95453e-014	4.83663e-015	5.4849e-016	5.76789e-017	5.62406e-018	5.08332e-019	4.25698e-020	3.30081e-021	2.36762e-022	1.56924e-023	9.59723e-025	5.40708e-026	2.80078e-027	1.3307e-028	5.78321e-030	2.29163e-031	8.24804e-033	2.68434e-034	7.85746e-036	2.05544e-037	4.76785e-039	9.71128e-041	1.58347e-042	0	0	0	0	0	0	0	0	0	0	0	0	0	0	0	0	0	0	0	

0.122151	0.161623	0.20965	0.266593	0.332305	0.40602	0.486247	0.570765	0.656645	0.74041	0.818227	0.886199	0.94069	0.978624	0.997818	0.997133	0.976642	0.937585	0.882244	0.813762	0.735778	0.652173	0.566735	0.482842	0.403353	0.330414	0.265414	0.209098	0.161582	0.122466	0.0910538	0.0664344	0.0475551	0.0333901	0.0230163	0.0155863	0.0103541	0.00673689	0.00430419	0.00271613	0.00169445	0.00103332	0.000603235	0.000329883	0.000166275	7.65251e-005	3.20251e-005	1.21769e-005	4.21112e-006	1.32715e-006	3.82042e-007	1.00692e-007	2.4353e-008	5.41616e-009	1.10974e-009	2.09825e-010	3.66617e-011	5.92667e-012	8.87323e-013	1.23132e-013	1.58465e-014	1.89214e-015	2.09666e-016	2.15613e-017	2.05748e-018	1.82125e-019	1.49469e-020	1.1365e-021	7.99874e-023	5.20476e-024	3.12675e-025	1.73126e-026	8.81743e-028	4.121e-029	1.76255e-030	6.87613e-032	2.43754e-033	7.81633e-035	2.25512e-036	5.8165e-038	1.33084e-039	2.66541e-041	2.63444e-043	0	0	0	0	0	0	0	0	0	0	0	0	0	0	0	0	0	0	

0.105399	0.140853	0.184539	0.237017	0.298411	0.368278	0.445495	0.528203	0.613816	0.699105	0.780388	0.853752	0.915401	0.961929	0.990684	0.999984	0.989286	0.95927	0.911706	0.849354	0.775639	0.694355	0.609389	0.524338	0.442343	0.365924	0.296834	0.236134	0.184252	0.141014	0.105856	0.0779707	0.0563556	0.0399542	0.0277949	0.0189934	0.0127439	0.00837911	0.00539993	0.0034275	0.00215223	0.00133036	0.000795973	0.000450918	0.000237297	0.000114562	5.04132e-005	2.01752e-005	7.3446e-006	2.43593e-006	7.37636e-007	2.04414e-007	5.19605e-008	1.21414e-008	2.61305e-009	5.18888e-010	9.52161e-011	1.61669e-011	2.54275e-012	3.70795e-013	5.01679e-014	6.30098e-015	7.34906e-016	7.96103e-017	8.00973e-018	7.48336e-019	6.49e-020	5.22181e-021	3.89492e-022	2.69065e-023	1.71941e-024	1.01494e-025	5.52446e-027	2.76726e-028	1.27257e-029	5.3577e-031	2.05832e-032	7.18816e-034	2.27157e-035	6.46104e-037	1.64345e-038	3.70777e-040	7.1242e-042	0	0	0	0	0	0	0	0	0	0	0	0	0	0	0	0	0	0	

0.0904914	0.12214	0.161625	0.209669	0.266634	0.332371	0.406114	0.486366	0.570906	0.6568	0.740572	0.81838	0.886335	0.940795	0.97869	0.99784	0.997105	0.976573	0.937475	0.882107	0.813609	0.735617	0.652022	0.566597	0.482725	0.403265	0.33035	0.265372	0.209081	0.161581	0.122475	0.0910732	0.0664584	0.0475779	0.0334121	0.0230379	0.0156045	0.0103674	0.00674712	0.00431299	0.00272325	0.00169921	0.001036	0.000604782	0.000331019	0.000167233	7.72714e-005	3.25214e-005	1.24568e-005	4.34657e-006	1.38423e-006	4.03242e-007	1.07701e-007	2.64324e-008	5.97321e-009	1.24519e-009	2.39848e-010	4.27485e-011	7.05862e-012	1.08087e-012	1.53616e-013	2.02763e-014	2.48672e-015	2.8345e-016	3.00321e-017	2.95754e-018	2.7065e-019	2.30061e-020	1.81541e-021	1.32881e-022	9.01308e-024	5.65816e-025	3.28269e-026	1.75704e-027	8.65841e-029	3.91882e-030	1.62447e-031	6.14717e-033	2.11531e-034	6.58915e-036	1.848e-037	4.63642e-039	1.0292e-040	1.84691e-042	0	0	0	0	0	0	0	0	0	0	0	0	0	0	0	0	0	

0.0773047	0.105383	0.140848	0.184549	0.237048	0.298464	0.368359	0.445601	0.528334	0.613964	0.699265	0.780546	0.853899	0.915523	0.962015	0.99073	0.99998	0.989238	0.95918	0.911581	0.849208	0.77548	0.694198	0.609244	0.524209	0.44224	0.365848	0.29678	0.236106	0.184244	0.141018	0.105871	0.0779934	0.0563791	0.0399764	0.0278169	0.0190136	0.0127596	0.00839058	0.0054094	0.00343557	0.00215818	0.00133397	0.000797974	0.00045221	0.000238342	0.000115422	5.10333e-005	2.05548e-005	7.543e-006	2.52572e-006	7.73276e-007	2.16961e-007	5.59119e-008	1.32626e-008	2.90132e-009	5.86357e-010	1.09646e-010	1.89958e-011	3.05242e-012	4.55362e-013	6.31129e-014	8.13157e-015	9.7431e-016	1.08589e-016	1.12581e-017	1.08566e-018	9.73523e-020	8.11393e-021	6.28167e-022	4.51357e-023	3.0069e-024	1.85495e-025	1.05805e-026	5.57029e-028	2.70111e-029	1.20351e-030	4.91322e-032	1.83172e-033	6.21213e-035	1.90779e-036	5.27696e-038	1.30577e-039	2.8501e-041	5.2829e-043	0	0	0	0	0	0	0	0	0	0	0	0	0	0	0	0	

0.0657102	0.0904719	0.122129	0.161626	0.209689	0.266675	0.332439	0.406207	0.486485	0.571047	0.656955	0.740732	0.818533	0.886472	0.940899	0.978758	0.997861	0.997079	0.976504	0.937365	0.881971	0.813456	0.735457	0.651871	0.566459	0.482609	0.403176	0.330285	0.265332	0.209064	0.161579	0.122484	0.0910928	0.0664821	0.0476005	0.0334342	0.0230595	0.0156225	0.0103807	0.00675741	0.00432185	0.00273035	0.00170393	0.00103868	0.000606346	0.000332168	0.000168192	7.80151e-005	3.30156e-005	1.27362e-005	4.48267e-006	1.44207e-006	4.24947e-007	1.14964e-007	2.86166e-008	6.56718e-009	1.39201e-009	2.7297e-010	4.95925e-011	8.3575e-012	1.30781e-012	1.9019e-013	2.57215e-014	3.23662e-015	3.79068e-016	4.13284e-017	4.19461e-018	3.9626e-019	3.4832e-020	2.84756e-021	2.16361e-022	1.52659e-023	9.99184e-025	6.05892e-026	3.39868e-027	1.76041e-028	8.40227e-030	3.68634e-031	1.48243e-032	5.4461e-034	1.82071e-035	5.51382e-037	1.50438e-038	3.67346e-040	7.65389e-042	2.63444e-043	0	0	0	0	0	0	0	0	0	0	0	0	0	0	0	

0.0555762	0.0772828	0.105368	0.140843	0.184559	0.237078	0.298518	0.368439	0.445707	0.528466	0.614112	0.699426	0.780704	0.854046	0.915645	0.962101	0.990775	0.999976	0.989191	0.959089	0.911456	0.849063	0.77532	0.694041	0.609099	0.524081	0.442138	0.365772	0.296727	0.236078	0.184235	0.141022	0.105886	0.078016	0.0564024	0.0399986	0.0278391	0.0190338	0.0127751	0.00840208	0.00541894	0.00344366	0.0021641	0.00133757	0.000799985	0.00045352	0.000239395	0.000116281	5.16507e-005	2.09332e-005	7.74168e-006	2.61627e-006	8.09558e-007	2.29875e-007	6.00306e-008	1.44478e-008	3.21077e-009	6.60007e-010	1.25684e-010	2.22011e-011	3.64192e-012	5.55337e-013	7.8775e-014	1.04013e-014	1.27893e-015	1.46482e-016	1.56298e-017	1.55362e-018	1.43836e-019	1.23986e-020	9.9456e-022	7.41894e-023	5.14187e-024	3.30748e-025	1.972e-026	1.08813e-027	5.5466e-029	2.60634e-030	1.12622e-031	4.46228e-033	1.61577e-034	5.32595e-036	1.59079e-037	4.28227e-039	1.02658e-040	2.3752e-042	0	0	0	0	0	0	0	0	0	0	0	0	0	0	0	

0.0467706	0.0656868	0.0904524	0.122118	0.161628	0.209709	0.266715	0.332506	0.406299	0.486606	0.571187	0.657111	0.740893	0.818686	0.886609	0.941003	0.978825	0.997881	0.997053	0.976434	0.937254	0.881835	0.813301	0.735297	0.65172	0.566321	0.482492	0.403088	0.330219	0.265292	0.209047	0.161577	0.122494	0.0911125	0.0665056	0.047623	0.0334565	0.0230811	0.0156405	0.0103939	0.00676777	0.00433074	0.00273742	0.00170862	0.00104136	0.000607926	0.00033333	0.000169155	7.87564e-005	3.35077e-005	1.30154e-005	4.61939e-006	1.50065e-006	4.47151e-007	1.22482e-007	3.0907e-008	7.19912e-009	1.55069e-009	3.09387e-010	5.72562e-011	9.84067e-012	1.5724e-012	2.33783e-013	3.23653e-014	4.17445e-015	5.01805e-016	5.62324e-017	5.8747e-018	5.72135e-019	5.19306e-020	4.39128e-021	3.4575e-022	2.5329e-023	1.72491e-024	1.09074e-025	6.39601e-027	3.47257e-028	1.74241e-029	8.06267e-031	3.43211e-032	1.34012e-033	4.78372e-035	1.55499e-036	4.58169e-038	1.21657e-039	2.90293e-041	5.2829e-043	0	0	0	0	0	0	0	0	0	0	0	0	0	0	

0.0391639	0.0555517	0.0772606	0.105352	0.140837	0.18457	0.237107	0.298572	0.368519	0.445813	0.528596	0.614261	0.699586	0.780862	0.854193	0.915765	0.962188	0.990819	0.999972	0.989143	0.958997	0.911332	0.848917	0.775161	0.693885	0.608953	0.523952	0.442036	0.365695	0.296674	0.236051	0.184227	0.141025	0.105901	0.0780385	0.0564254	0.0400209	0.0278615	0.0190539	0.0127904	0.00841361	0.00542856	0.00345174	0.00216998	0.00134114	0.000802006	0.000454845	0.000240456	0.000117139	5.22656e-005	2.13104e-005	7.94062e-006	2.70758e-006	8.46469e-007	2.43153e-007	6.43174e-008	1.56982e-008	3.54216e-009	7.40159e-010	1.43443e-010	2.58173e-011	4.32029e-012	6.7283e-013	9.75965e-014	1.31939e-014	1.66316e-015	1.95549e-016	2.14493e-017	2.19494e-018	2.09521e-019	1.86516e-020	1.54774e-021	1.19653e-022	8.61112e-024	5.76372e-025	3.58392e-026	2.06748e-027	1.10474e-028	5.45777e-030	2.48753e-031	1.04336e-032	4.01564e-034	1.4134e-035	4.53161e-037	1.31738e-038	3.45179e-040	7.91734e-042	2.63444e-043	0	0	0	0	0	0	0	0	0	0	0	0	0	

0.0326308	0.0467457	0.065663	0.090433	0.122107	0.161629	0.209729	0.266757	0.332574	0.406392	0.486726	0.571326	0.657268	0.741053	0.818841	0.886744	0.941107	0.978893	0.9979	0.997027	0.976363	0.937144	0.8817	0.813146	0.735138	0.651568	0.566182	0.482377	0.402999	0.330154	0.265252	0.20903	0.161574	0.122503	0.0911324	0.0665288	0.0476455	0.033479	0.0231028	0.0156582	0.0104071	0.00677821	0.00433967	0.00274447	0.00171328	0.00104403	0.000609522	0.000334504	0.000170119	7.94954e-005	3.39978e-005	1.32942e-005	4.75672e-006	1.55995e-006	4.69848e-007	1.30252e-007	3.33048e-008	7.87001e-009	1.72175e-009	3.49294e-010	6.58044e-011	1.15265e-011	1.87924e-012	2.85424e-013	4.04148e-014	5.33802e-015	6.57949e-016	7.57e-017	8.13105e-018	8.15339e-019	7.63137e-020	6.6651e-021	5.42938e-022	4.12256e-023	2.91552e-024	1.91857e-025	1.17341e-026	6.66099e-028	3.50384e-029	1.70473e-030	7.6547e-032	3.16425e-033	1.20065e-034	4.1677e-036	1.31823e-037	3.7814e-039	9.76425e-041	2.3752e-042	0	0	0	0	0	0	0	0	0	0	0	0	0	

0.0270519	0.0391393	0.0555273	0.0772383	0.105337	0.140832	0.18458	0.237136	0.298627	0.368598	0.445921	0.528727	0.614411	0.699746	0.781019	0.854341	0.915885	0.962276	0.990863	0.999968	0.989095	0.958904	0.911208	0.84877	0.775001	0.69373	0.608807	0.523824	0.441935	0.365618	0.296621	0.236023	0.184218	0.141029	0.105917	0.0780609	0.0564483	0.0400432	0.0278839	0.0190738	0.0128057	0.00842516	0.00543824	0.00345983	0.00217582	0.00134469	0.000804037	0.000456186	0.000241523	0.000117996	5.2878e-005	2.16865e-005	8.13983e-006	2.79962e-006	8.83998e-007	2.56794e-007	6.87733e-008	1.70151e-008	3.8962e-009	8.27138e-010	1.63042e-010	2.98802e-011	5.09718e-012	8.10145e-013	1.20071e-013	1.66051e-014	2.14387e-015	2.58503e-016	2.91167e-017	3.06383e-018	3.01168e-019	2.76496e-020	2.37006e-021	1.89585e-022	1.41432e-023	9.83181e-025	6.3626e-026	3.82859e-027	2.13915e-028	1.10799e-029	5.31006e-031	2.34956e-032	9.57402e-034	3.58222e-035	1.22654e-036	3.82787e-038	1.08383e-039	2.77093e-041	5.2829e-043	0	0	0	0	0	0	0	0	0	0	0	0	

0.0223149	0.032607	0.0467211	0.065639	0.0904142	0.122095	0.161632	0.209748	0.266799	0.33264	0.406486	0.486846	0.571467	0.657424	0.741211	0.818996	0.886879	0.941212	0.97896	0.997919	0.997002	0.976292	0.937035	0.881564	0.812991	0.734979	0.651417	0.566043	0.482262	0.40291	0.330088	0.265212	0.209013	0.161572	0.122513	0.0911524	0.0665517	0.0476679	0.0335016	0.0231244	0.0156759	0.0104202	0.0067887	0.00434863	0.00275148	0.0017179	0.00104671	0.000611134	0.00033569	0.000171086	8.02322e-005	3.4486e-005	1.35727e-005	4.89465e-006	1.61996e-006	4.93032e-007	1.38276e-007	3.58112e-008	8.58083e-009	1.90568e-009	3.92893e-010	7.5304e-011	1.34345e-011	2.23329e-012	3.46245e-013	5.01031e-014	6.77091e-015	8.54926e-016	1.0089e-016	1.11296e-017	1.14774e-018	1.10637e-019	9.96668e-021	8.38745e-022	6.59044e-023	4.83183e-024	3.30261e-025	2.1024e-026	1.24497e-027	6.84827e-029	3.49351e-030	1.64959e-031	7.19396e-033	2.89021e-034	1.06655e-035	3.60281e-037	1.10964e-038	3.10081e-040	7.65389e-042	2.63444e-043	0	0	0	0	0	0	0	0	0	0	0	

