0	0	0	0	0	0	0	0	0	0	0	0	0	0	0	0	0	0	0	0	0	0	0	0	0	0	0	0	0	0	0	0	0	0	0	0	0	0	0	0	0	0	0	0	0	0	0	0	0	0	0	0	0	0	0	0	0	0	0	0	0	0	0	0	0	0	0	0	0	0	0	0	0	0	0	0	0	0	0	0	0	0	0	0	0	0	0	0	0	0	0	0	0	0	0	0	0	0	0	0	

1.63677e-007	0	0	0	0	0	0	0	0	0	0	0	0	0	0	0	0	0	0	0	0	0	0	0	0	0	0	0	0	0	0	0	0	0	0	0	0	0	0	0	0	0	0	0	0	0	0	0	0	0	0	0	0	0	0	0	0	0	0	0	0	0	0	0	0	0	0	0	0	0	0	0	0	0	0	0	0	0	0	0	0	0	0	0	0	0	0	0	0	0	0	0	0	0	0	0	0	0	0	0	

3.43185e-007	4.08821e-008	0	0	0	0	0	0	0	0	0	0	0	0	0	0	0	0	0	0	0	0	0	0	0	0	0	0	0	0	0	0	0	0	0	0	0	0	0	0	0	0	0	0	0	0	0	0	0	0	0	0	0	0	0	0	0	0	0	0	0	0	0	0	0	0	0	0	0	0	0	0	0	0	0	0	0	0	0	0	0	0	0	0	0	0	0	0	0	0	0	0	0	0	0	0	0	0	0	0	

5.22068e-007	1.4706e-007	1.02112e-008	0	0	0	0	0	0	0	0	0	0	0	0	0	0	0	0	0	0	0	0	0	0	0	0	0	0	0	0	0	0	0	0	0	0	0	0	0	0	0	0	0	0	0	0	0	0	0	0	0	0	0	0	0	0	0	0	0	0	0	0	0	0	0	0	0	0	0	0	0	0	0	0	0	0	0	0	0	0	0	0	0	0	0	0	0	0	0	0	0	0	0	0	0	0	0	0	0	

7.05637e-007	3.12724e-007	5.2053e-008	2.55048e-009	0	0	0	0	0	0	0	0	0	0	0	0	0	0	0	0	0	0	0	0	0	0	0	0	0	0	0	0	0	0	0	0	0	0	0	0	0	0	0	0	0	0	0	0	0	0	0	0	0	0	0	0	0	0	0	0	0	0	0	0	0	0	0	0	0	0	0	0	0	0	0	0	0	0	0	0	0	0	0	0	0	0	0	0	0	0	0	0	0	0	0	0	0	0	0	0	

9.19562e-007	5.11418e-007	1.46639e-007	1.68283e-008	6.37039e-010	0	0	0	0	0	0	0	0	0	0	0	0	0	0	0	0	0	0	0	0	0	0	0	0	0	0	0	0	0	0	0	0	0	0	0	0	0	0	0	0	0	0	0	0	0	0	0	0	0	0	0	0	0	0	0	0	0	0	0	0	0	0	0	0	0	0	0	0	0	0	0	0	0	0	0	0	0	0	0	0	0	0	0	0	0	0	0	0	0	0	0	0	0	0	0	

1.19853e-006	7.20944e-007	2.99913e-007	5.9485e-008	5.15908e-009	1.59115e-010	0	0	0	0	0	0	0	0	0	0	0	0	0	0	0	0	0	0	0	0	0	0	0	0	0	0	0	0	0	0	0	0	0	0	0	0	0	0	0	0	0	0	0	0	0	0	0	0	0	0	0	0	0	0	0	0	0	0	0	0	0	0	0	0	0	0	0	0	0	0	0	0	0	0	0	0	0	0	0	0	0	0	0	0	0	0	0	0	0	0	0	0	0	0	

1.57407e-006	9.44596e-007	4.98297e-007	1.48625e-007	2.20014e-008	1.52734e-009	3.97424e-011	0	0	0	0	0	0	0	0	0	0	0	0	0	0	0	0	0	0	0	0	0	0	0	0	0	0	0	0	0	0	0	0	0	0	0	0	0	0	0	0	0	0	0	0	0	0	0	0	0	0	0	0	0	0	0	0	0	0	0	0	0	0	0	0	0	0	0	0	0	0	0	0	0	0	0	0	0	0	0	0	0	0	0	0	0	0	0	0	0	0	0	0	0	

2.06993e-006	1.214e-006	7.20816e-007	2.93476e-007	6.53569e-008	7.63785e-009	4.41119e-010	9.92656e-012	0	0	0	0	0	0	0	0	0	0	0	0	0	0	0	0	0	0	0	0	0	0	0	0	0	0	0	0	0	0	0	0	0	0	0	0	0	0	0	0	0	0	0	0	0	0	0	0	0	0	0	0	0	0	0	0	0	0	0	0	0	0	0	0	0	0	0	0	0	0	0	0	0	0	0	0	0	0	0	0	0	0	0	0	0	0	0	0	0	0	0	0	

2.70697e-006	1.57401e-006	9.59781e-007	4.88087e-007	1.51274e-007	2.63674e-008	2.53234e-009	1.25074e-010	2.47938e-012	0	0	0	0	0	0	0	0	0	0	0	0	0	0	0	0	0	0	0	0	0	0	0	0	0	0	0	0	0	0	0	0	0	0	0	0	0	0	0	0	0	0	0	0	0	0	0	0	0	0	0	0	0	0	0	0	0	0	0	0	0	0	0	0	0	0	0	0	0	0	0	0	0	0	0	0	0	0	0	0	0	0	0	0	0	0	0	0	0	0	0	

3.51257e-006	2.06358e-006	1.23435e-006	7.16387e-007	2.90119e-007	7.03418e-008	9.97564e-009	8.10869e-010	3.49602e-011	6.19281e-013	0	0	0	0	0	0	0	0	0	0	0	0	0	0	0	0	0	0	0	0	0	0	0	0	0	0	0	0	0	0	0	0	0	0	0	0	0	0	0	0	0	0	0	0	0	0	0	0	0	0	0	0	0	0	0	0	0	0	0	0	0	0	0	0	0	0	0	0	0	0	0	0	0	0	0	0	0	0	0	0	0	0	0	0	0	0	0	0	0	0	

4.52758e-006	2.70795e-006	1.58666e-006	9.6759e-007	4.8054e-007	1.54133e-007	3.02076e-008	3.59197e-009	2.52664e-010	9.66128e-012	1.54679e-013	0	0	0	0	0	0	0	0	0	0	0	0	0	0	0	0	0	0	0	0	0	0	0	0	0	0	0	0	0	0	0	0	0	0	0	0	0	0	0	0	0	0	0	0	0	0	0	0	0	0	0	0	0	0	0	0	0	0	0	0	0	0	0	0	0	0	0	0	0	0	0	0	0	0	0	0	0	0	0	0	0	0	0	0	0	0	0	0	0	

5.80709e-006	3.52675e-006	2.06442e-006	1.25177e-006	7.11085e-007	2.88498e-007	7.47448e-008	1.21869e-008	1.24374e-009	7.70242e-011	2.64521e-012	3.86346e-014	0	0	0	0	0	0	0	0	0	0	0	0	0	0	0	0	0	0	0	0	0	0	0	0	0	0	0	0	0	0	0	0	0	0	0	0	0	0	0	0	0	0	0	0	0	0	0	0	0	0	0	0	0	0	0	0	0	0	0	0	0	0	0	0	0	0	0	0	0	0	0	0	0	0	0	0	0	0	0	0	0	0	0	0	0	0	0	0	

7.41699e-006	4.54986e-006	2.70445e-006	1.60388e-006	9.71127e-007	4.75024e-007	1.57046e-007	3.36737e-008	4.67669e-009	4.17222e-010	2.30625e-011	7.1867e-013	9.64985e-015	0	0	0	0	0	0	0	0	0	0	0	0	0	0	0	0	0	0	0	0	0	0	0	0	0	0	0	0	0	0	0	0	0	0	0	0	0	0	0	0	0	0	0	0	0	0	0	0	0	0	0	0	0	0	0	0	0	0	0	0	0	0	0	0	0	0	0	0	0	0	0	0	0	0	0	0	0	0	0	0	0	0	0	0	0	0	0	

9.43112e-006	5.82816e-006	3.53051e-006	2.07283e-006	1.2653e-006	7.06041e-007	2.87955e-007	7.8733e-008	1.42884e-008	1.72287e-009	1.36349e-010	6.80248e-012	1.93983e-013	2.41027e-015	0	0	0	0	0	0	0	0	0	0	0	0	0	0	0	0	0	0	0	0	0	0	0	0	0	0	0	0	0	0	0	0	0	0	0	0	0	0	0	0	0	0	0	0	0	0	0	0	0	0	0	0	0	0	0	0	0	0	0	0	0	0	0	0	0	0	0	0	0	0	0	0	0	0	0	0	0	0	0	0	0	0	0	0	0	0	

1.19325e-005	7.4325e-006	4.56638e-006	2.70418e-006	1.62148e-006	9.72319e-007	4.71032e-007	1.59954e-007	3.68581e-008	5.77077e-009	6.13547e-010	4.35928e-011	1.98109e-012	5.20681e-014	6.02018e-016	0	0	0	0	0	0	0	0	0	0	0	0	0	0	0	0	0	0	0	0	0	0	0	0	0	0	0	0	0	0	0	0	0	0	0	0	0	0	0	0	0	0	0	0	0	0	0	0	0	0	0	0	0	0	0	0	0	0	0	0	0	0	0	0	0	0	0	0	0	0	0	0	0	0	0	0	0	0	0	0	0	0	0	0	0	

1.50182e-005	9.44494e-006	5.853e-006	3.53022e-006	2.08595e-006	1.27553e-006	7.01618e-007	2.88127e-007	8.24088e-008	1.62953e-008	2.23652e-009	2.12349e-010	1.36798e-011	5.70687e-013	1.39085e-014	1.50367e-016	0	0	0	0	0	0	0	0	0	0	0	0	0	0	0	0	0	0	0	0	0	0	0	0	0	0	0	0	0	0	0	0	0	0	0	0	0	0	0	0	0	0	0	0	0	0	0	0	0	0	0	0	0	0	0	0	0	0	0	0	0	0	0	0	0	0	0	0	0	0	0	0	0	0	0	0	0	0	0	0	0	0	0	0	

1.88038e-005	1.19522e-005	7.45662e-006	4.5757e-006	2.70874e-006	1.63782e-006	9.72273e-007	4.68197e-007	1.62829e-007	3.98216e-008	6.86539e-009	8.37063e-010	7.17262e-011	4.22454e-012	1.62846e-013	3.69957e-015	3.75576e-017	0	0	0	0	0	0	0	0	0	0	0	0	0	0	0	0	0	0	0	0	0	0	0	0	0	0	0	0	0	0	0	0	0	0	0	0	0	0	0	0	0	0	0	0	0	0	0	0	0	0	0	0	0	0	0	0	0	0	0	0	0	0	0	0	0	0	0	0	0	0	0	0	0	0	0	0	0	0	0	0	0	0	0	

2.3426e-005	1.5048e-005	9.46355e-006	5.87443e-006	3.53035e-006	2.10136e-006	1.28326e-006	6.97898e-007	2.88798e-007	8.58403e-008	1.82201e-008	2.77633e-009	3.04073e-010	2.3724e-011	1.28653e-012	4.60846e-014	9.80404e-016	9.38085e-018	0	0	0	0	0	0	0	0	0	0	0	0	0	0	0	0	0	0	0	0	0	0	0	0	0	0	0	0	0	0	0	0	0	0	0	0	0	0	0	0	0	0	0	0	0	0	0	0	0	0	0	0	0	0	0	0	0	0	0	0	0	0	0	0	0	0	0	0	0	0	0	0	0	0	0	0	0	0	0	0	0	0	

2.9042e-005	1.88415e-005	1.19689e-005	7.48414e-006	4.58053e-006	2.71748e-006	1.65238e-006	9.71625e-007	4.66255e-007	1.65662e-007	4.26071e-008	7.95552e-009	1.0839e-009	1.07642e-010	7.70464e-012	3.87033e-013	1.29465e-014	2.58953e-016	2.34308e-018	0	0	0	0	0	0	0	0	0	0	0	0	0	0	0	0	0	0	0	0	0	0	0	0	0	0	0	0	0	0	0	0	0	0	0	0	0	0	0	0	0	0	0	0	0	0	0	0	0	0	0	0	0	0	0	0	0	0	0	0	0	0	0	0	0	0	0	0	0	0	0	0	0	0	0	0	0	0	0	0	0	

3.58277e-005	2.34662e-005	1.50706e-005	9.48877e-006	5.89061e-006	3.53291e-006	2.11749e-006	1.28916e-006	6.9486e-007	2.89829e-007	8.90748e-008	2.00734e-008	3.33622e-009	4.10441e-010	3.72567e-011	2.46228e-012	1.1518e-013	3.61343e-015	6.8195e-017	5.85236e-019	0	0	0	0	0	0	0	0	0	0	0	0	0	0	0	0	0	0	0	0	0	0	0	0	0	0	0	0	0	0	0	0	0	0	0	0	0	0	0	0	0	0	0	0	0	0	0	0	0	0	0	0	0	0	0	0	0	0	0	0	0	0	0	0	0	0	0	0	0	0	0	0	0	0	0	0	0	0	0	0	

4.39788e-005	2.90815e-005	1.88751e-005	1.19889e-005	7.51052e-006	4.58369e-006	2.72925e-006	1.66515e-006	9.70738e-007	4.65018e-007	1.68451e-007	4.52454e-008	9.03824e-009	1.35081e-009	1.51329e-010	1.2642e-011	7.75788e-013	3.39487e-014	1.00266e-015	1.79114e-017	1.46176e-019	0	0	0	0	0	0	0	0	0	0	0	0	0	0	0	0	0	0	0	0	0	0	0	0	0	0	0	0	0	0	0	0	0	0	0	0	0	0	0	0	0	0	0	0	0	0	0	0	0	0	0	0	0	0	0	0	0	0	0	0	0	0	0	0	0	0	0	0	0	0	0	0	0	0	0	0	0	0	0	

5.37132e-005	3.58684e-005	2.35089e-005	1.50904e-005	9.51796e-006	5.90233e-006	3.53841e-006	2.13347e-006	1.29375e-006	6.92447e-007	2.91127e-007	9.21471e-008	2.18637e-008	3.91169e-009	5.30358e-010	5.4498e-011	4.21495e-012	2.41346e-013	9.92017e-015	2.76763e-016	4.69309e-018	3.65106e-020	0	0	0	0	0	0	0	0	0	0	0	0	0	0	0	0	0	0	0	0	0	0	0	0	0	0	0	0	0	0	0	0	0	0	0	0	0	0	0	0	0	0	0	0	0	0	0	0	0	0	0	0	0	0	0	0	0	0	0	0	0	0	0	0	0	0	0	0	0	0	0	0	0	0	0	0	0	0	

6.52731e-005	4.40255e-005	2.91271e-005	1.89028e-005	1.20141e-005	7.53361e-006	4.5871e-006	2.74297e-006	1.67631e-006	9.69826e-007	4.64343e-007	1.71194e-007	4.77601e-008	1.01119e-008	1.63509e-009	2.02651e-010	1.92209e-011	1.38344e-012	7.42328e-014	2.87632e-015	7.60325e-017	1.22699e-018	9.11935e-021	0	0	0	0	0	0	0	0	0	0	0	0	0	0	0	0	0	0	0	0	0	0	0	0	0	0	0	0	0	0	0	0	0	0	0	0	0	0	0	0	0	0	0	0	0	0	0	0	0	0	0	0	0	0	0	0	0	0	0	0	0	0	0	0	0	0	0	0	0	0	0	0	0	0	0	0	0	

7.89251e-005	5.37684e-005	3.59127e-005	2.35484e-005	1.51118e-005	9.54804e-006	5.91113e-006	3.54666e-006	2.14883e-006	1.29741e-006	6.90594e-007	2.92631e-007	9.50833e-008	2.35983e-008	4.49932e-009	6.62773e-010	7.55875e-011	6.65384e-012	4.47725e-013	2.25993e-014	8.28121e-016	2.07976e-017	3.20151e-019	2.27776e-021	0	0	0	0	0	0	0	0	0	0	0	0	0	0	0	0	0	0	0	0	0	0	0	0	0	0	0	0	0	0	0	0	0	0	0	0	0	0	0	0	0	0	0	0	0	0	0	0	0	0	0	0	0	0	0	0	0	0	0	0	0	0	0	0	0	0	0	0	0	0	0	0	0	0	0	0	

9.49585e-005	6.53349e-005	4.40699e-005	2.9175e-005	1.8927e-005	1.20438e-005	7.55299e-006	4.59179e-006	2.75783e-006	1.68609e-006	9.6901e-007	4.64126e-007	1.73893e-007	5.01693e-008	1.11757e-008	1.93449e-009	2.61399e-010	2.75918e-011	2.26515e-012	1.43069e-013	6.8164e-015	2.36901e-016	5.66649e-018	8.33824e-020	5.68922e-022	0	0	0	0	0	0	0	0	0	0	0	0	0	0	0	0	0	0	0	0	0	0	0	0	0	0	0	0	0	0	0	0	0	0	0	0	0	0	0	0	0	0	0	0	0	0	0	0	0	0	0	0	0	0	0	0	0	0	0	0	0	0	0	0	0	0	0	0	0	0	0	0	0	0	0	

0.000113681	7.89891e-005	5.38181e-005	3.59623e-005	2.35826e-005	1.51371e-005	9.57689e-006	5.91847e-006	3.55721e-006	2.16335e-006	1.30043e-006	6.89235e-007	2.94293e-007	9.79037e-008	2.52834e-008	5.09652e-009	8.06705e-010	1.00602e-010	9.87844e-012	7.59544e-013	4.51935e-014	2.03862e-015	6.73742e-017	1.53831e-018	2.16803e-020	1.42101e-022	0	0	0	0	0	0	0	0	0	0	0	0	0	0	0	0	0	0	0	0	0	0	0	0	0	0	0	0	0	0	0	0	0	0	0	0	0	0	0	0	0	0	0	0	0	0	0	0	0	0	0	0	0	0	0	0	0	0	0	0	0	0	0	0	0	0	0	0	0	0	0	0	0	0	

0.000135418	9.50215e-005	6.53935e-005	4.41174e-005	2.92209e-005	1.8951e-005	1.20758e-005	7.56915e-006	4.59822e-006	2.77323e-006	1.69472e-006	9.68357e-007	4.64285e-007	1.76552e-007	5.24875e-008	1.22292e-008	2.24712e-009	3.27318e-010	3.78744e-011	3.47524e-012	2.51217e-013	1.41269e-014	6.05002e-016	1.90584e-017	4.16224e-019	5.62835e-021	3.54929e-023	0	0	0	0	0	0	0	0	0	0	0	0	0	0	0	0	0	0	0	0	0	0	0	0	0	0	0	0	0	0	0	0	0	0	0	0	0	0	0	0	0	0	0	0	0	0	0	0	0	0	0	0	0	0	0	0	0	0	0	0	0	0	0	0	0	0	0	0	0	0	0	0	0	

0.000160505	0.000113744	7.9055e-005	5.38659e-005	3.60147e-005	2.36129e-005	1.51663e-005	9.6034e-006	5.92545e-006	3.56956e-006	2.17697e-006	1.303e-006	6.88313e-007	2.9608e-007	1.00624e-007	2.6924e-008	5.70127e-009	9.61252e-010	1.29573e-010	1.39776e-011	1.20329e-012	8.20562e-014	4.37367e-015	1.78275e-016	5.36451e-018	1.12273e-019	1.45906e-021	8.86514e-024	0	0	0	0	0	0	0	0	0	0	0	0	0	0	0	0	0	0	0	0	0	0	0	0	0	0	0	0	0	0	0	0	0	0	0	0	0	0	0	0	0	0	0	0	0	0	0	0	0	0	0	0	0	0	0	0	0	0	0	0	0	0	0	0	0	0	0	0	0	0	0	0	

0.000189291	0.000135481	9.50892e-005	6.54473e-005	4.41697e-005	2.92627e-005	1.89771e-005	1.21085e-005	7.5829e-006	4.60649e-006	2.78876e-006	1.70241e-006	9.67904e-007	4.64758e-007	1.79172e-007	5.47263e-008	1.32724e-008	2.57138e-009	4.0013e-010	5.0162e-011	5.06599e-012	4.10637e-013	2.64974e-014	1.3422e-015	5.21891e-017	1.5031e-018	3.01987e-020	3.77735e-022	2.21427e-024	0	0	0	0	0	0	0	0	0	0	0	0	0	0	0	0	0	0	0	0	0	0	0	0	0	0	0	0	0	0	0	0	0	0	0	0	0	0	0	0	0	0	0	0	0	0	0	0	0	0	0	0	0	0	0	0	0	0	0	0	0	0	0	0	0	0	0	0	0	0	0	

0.000222125	0.00016057	0.000113808	7.91178e-005	5.39158e-005	3.60667e-005	2.36413e-005	1.51988e-005	9.62728e-006	5.93283e-006	3.58322e-006	2.18969e-006	1.30528e-006	6.87776e-007	2.97968e-007	1.03258e-007	2.85247e-008	6.312e-009	1.12559e-009	1.62495e-010	1.90296e-011	1.80605e-012	1.38285e-013	8.46698e-015	4.08562e-016	1.5186e-017	4.19381e-019	8.10126e-021	9.76701e-023	5.53062e-025	0	0	0	0	0	0	0	0	0	0	0	0	0	0	0	0	0	0	0	0	0	0	0	0	0	0	0	0	0	0	0	0	0	0	0	0	0	0	0	0	0	0	0	0	0	0	0	0	0	0	0	0	0	0	0	0	0	0	0	0	0	0	0	0	0	0	0	0	0	0	

0.000259357	0.000189354	0.000135543	9.51583e-005	6.54985e-005	4.42255e-005	2.93004e-005	1.90062e-005	1.21405e-005	7.59507e-006	4.61649e-006	2.80414e-006	1.70932e-006	9.67667e-007	4.65494e-007	1.81756e-007	5.68951e-008	1.43053e-008	2.90592e-009	4.7955e-010	6.4525e-011	7.08688e-012	6.3421e-013	4.6004e-014	2.67945e-015	1.23435e-016	4.39413e-018	1.16552e-019	2.16794e-021	2.52251e-023	1.3814e-025	0	0	0	0	0	0	0	0	0	0	0	0	0	0	0	0	0	0	0	0	0	0	0	0	0	0	0	0	0	0	0	0	0	0	0	0	0	0	0	0	0	0	0	0	0	0	0	0	0	0	0	0	0	0	0	0	0	0	0	0	0	0	0	0	0	0	0	0	0	

0.000301321	0.000222182	0.000160631	0.000113878	7.9176e-005	5.39698e-005	3.61161e-005	2.36699e-005	1.52332e-005	9.64867e-006	5.94106e-006	3.59781e-006	2.20158e-006	1.30737e-006	6.87579e-007	2.99938e-007	1.05815e-007	3.00891e-008	6.92746e-009	1.29898e-009	1.99336e-010	2.51025e-011	2.59491e-012	2.19637e-013	1.51332e-014	8.40372e-016	3.70336e-017	1.26485e-018	3.2273e-020	5.78823e-022	6.50781e-024	3.45035e-026	0	0	0	0	0	0	0	0	0	0	0	0	0	0	0	0	0	0	0	0	0	0	0	0	0	0	0	0	0	0	0	0	0	0	0	0	0	0	0	0	0	0	0	0	0	0	0	0	0	0	0	0	0	0	0	0	0	0	0	0	0	0	0	0	0	0	0	0	

0.000348331	0.000259403	0.000189415	0.000135607	9.52252e-005	6.55505e-005	4.42825e-005	2.93352e-005	1.90384e-005	1.21711e-005	7.6064e-006	4.62802e-006	2.81922e-006	1.71562e-006	9.6765e-007	4.66455e-007	1.84306e-007	5.90019e-008	1.53283e-008	3.24959e-009	5.65289e-010	8.10149e-011	9.5841e-012	9.3547e-013	7.50965e-014	4.92661e-015	2.61391e-016	1.10393e-017	3.62326e-019	8.9058e-021	1.54209e-022	1.67724e-024	8.61801e-027	0	0	0	0	0	0	0	0	0	0	0	0	0	0	0	0	0	0	0	0	0	0	0	0	0	0	0	0	0	0	0	0	0	0	0	0	0	0	0	0	0	0	0	0	0	0	0	0	0	0	0	0	0	0	0	0	0	0	0	0	0	0	0	0	0	0	0	

0.000400666	0.000301355	0.00022224	0.00016069	0.000113949	7.9231e-005	5.40276e-005	3.61619e-005	2.37001e-005	1.52686e-005	9.66796e-006	5.95036e-006	3.61301e-006	2.2127e-006	1.30936e-006	6.87684e-007	3.01974e-007	1.08304e-007	3.16207e-008	7.54667e-009	1.48075e-009	2.40044e-010	3.22545e-011	3.59659e-012	3.32431e-013	2.53741e-014	1.58846e-015	8.06779e-017	3.27092e-018	1.03322e-019	2.44972e-021	4.10014e-023	4.3186e-025	2.15254e-027	0	0	0	0	0	0	0	0	0	0	0	0	0	0	0	0	0	0	0	0	0	0	0	0	0	0	0	0	0	0	0	0	0	0	0	0	0	0	0	0	0	0	0	0	0	0	0	0	0	0	0	0	0	0	0	0	0	0	0	0	0	0	0	0	0	0	

0.000458566	0.000348351	0.000259453	0.000189472	0.000135675	9.52879e-005	6.56055e-005	4.43385e-005	2.93685e-005	1.90732e-005	1.21999e-005	7.61744e-006	4.64084e-006	2.8339e-006	1.72142e-006	9.6785e-007	4.67607e-007	1.86826e-007	6.10533e-008	1.63417e-008	3.60141e-009	6.57067e-010	9.96671e-011	1.26004e-011	1.32837e-012	1.16575e-013	8.47992e-015	5.07584e-016	2.47224e-017	9.63722e-019	2.93386e-020	6.71823e-022	1.08809e-023	1.11096e-025	5.37645e-028	0	0	0	0	0	0	0	0	0	0	0	0	0	0	0	0	0	0	0	0	0	0	0	0	0	0	0	0	0	0	0	0	0	0	0	0	0	0	0	0	0	0	0	0	0	0	0	0	0	0	0	0	0	0	0	0	0	0	0	0	0	0	0	0	0	

0.000522216	0.000400672	0.00030139	0.000222296	0.000160751	0.000114019	7.92853e-005	5.40878e-005	3.62045e-005	2.37325e-005	1.5304e-005	9.68561e-006	5.96082e-006	3.62856e-006	2.22312e-006	1.31129e-006	6.88056e-007	3.04065e-007	1.10733e-007	3.31222e-008	8.16882e-009	1.67028e-009	2.84556e-010	4.05356e-011	4.83707e-012	4.83449e-013	4.03792e-014	2.80515e-015	1.60845e-016	7.52501e-018	2.8245e-019	8.29772e-021	1.83725e-022	2.88243e-024	2.85555e-026	1.34289e-028	0	0	0	0	0	0	0	0	0	0	0	0	0	0	0	0	0	0	0	0	0	0	0	0	0	0	0	0	0	0	0	0	0	0	0	0	0	0	0	0	0	0	0	0	0	0	0	0	0	0	0	0	0	0	0	0	0	0	0	0	0	0	0	0	

0.000591738	0.000458553	0.00034837	0.000259504	0.000189527	0.000135746	9.53469e-005	6.5664e-005	4.43921e-005	2.94017e-005	1.911e-005	1.22267e-005	7.62861e-006	4.65472e-006	2.84812e-006	1.72681e-006	9.68261e-007	4.68925e-007	1.89316e-007	6.30551e-008	1.73457e-008	3.96054e-009	7.54611e-010	1.20504e-010	1.61749e-011	1.82707e-012	1.7356e-013	1.38272e-014	9.19148e-016	5.05725e-017	2.27608e-018	8.23727e-020	2.33805e-021	5.01104e-023	7.62294e-025	7.33387e-027	3.35416e-029	0	0	0	0	0	0	0	0	0	0	0	0	0	0	0	0	0	0	0	0	0	0	0	0	0	0	0	0	0	0	0	0	0	0	0	0	0	0	0	0	0	0	0	0	0	0	0	0	0	0	0	0	0	0	0	0	0	0	0	0	0	0	0	

0.000667173	0.00052218	0.000400674	0.000301429	0.000222348	0.000160816	0.000114085	7.93411e-005	5.41487e-005	3.62446e-005	2.37674e-005	1.53386e-005	9.7021e-006	5.97243e-006	3.64428e-006	2.23294e-006	1.31321e-006	6.88667e-007	3.06202e-007	1.13108e-007	3.45964e-008	8.7933e-009	1.86704e-009	3.32796e-010	4.99875e-011	6.34137e-012	6.79845e-013	6.15221e-014	4.68458e-015	2.98503e-016	1.57849e-017	6.84384e-019	2.39114e-020	6.56477e-022	1.36333e-023	2.01278e-025	1.88213e-027	8.37778e-030	0	0	0	0	0	0	0	0	0	0	0	0	0	0	0	0	0	0	0	0	0	0	0	0	0	0	0	0	0	0	0	0	0	0	0	0	0	0	0	0	0	0	0	0	0	0	0	0	0	0	0	0	0	0	0	0	0	0	0	0	0	0	

0.000748474	0.000591673	0.000458538	0.000348391	0.000259552	0.000189583	0.000135817	9.54039e-005	6.57256e-005	4.44429e-005	2.94359e-005	1.91479e-005	1.22519e-005	7.64021e-006	4.66944e-006	2.86186e-006	1.73189e-006	9.68874e-007	4.70387e-007	1.9178e-007	6.5012e-008	1.8341e-008	4.32624e-009	8.57661e-010	1.43536e-010	2.03432e-011	2.44578e-012	2.49461e-013	2.15509e-014	1.57134e-015	9.61372e-017	4.89311e-018	2.04644e-019	6.91071e-021	1.83714e-022	3.70036e-024	5.30663e-026	4.82674e-028	2.09254e-030	0	0	0	0	0	0	0	0	0	0	0	0	0	0	0	0	0	0	0	0	0	0	0	0	0	0	0	0	0	0	0	0	0	0	0	0	0	0	0	0	0	0	0	0	0	0	0	0	0	0	0	0	0	0	0	0	0	0	0	0	0	

0.000835496	0.000667077	0.000522144	0.000400675	0.00030147	0.000222397	0.000160885	0.000114148	7.93996e-005	5.42087e-005	3.62832e-005	2.38044e-005	1.53722e-005	9.71783e-006	5.98513e-006	3.66003e-006	2.24223e-006	1.31515e-006	6.89492e-007	3.08377e-007	1.15434e-007	3.60453e-008	9.41958e-009	2.07051e-009	3.84683e-010	6.06449e-011	8.13341e-012	9.29054e-013	9.03524e-014	7.46606e-015	5.22164e-016	3.0721e-017	1.50704e-018	6.0873e-020	1.98905e-021	5.12509e-023	1.00211e-024	1.39709e-026	1.23698e-028	5.22658e-031	0	0	0	0	0	0	0	0	0	0	0	0	0	0	0	0	0	0	0	0	0	0	0	0	0	0	0	0	0	0	0	0	0	0	0	0	0	0	0	0	0	0	0	0	0	0	0	0	0	0	0	0	0	0	0	0	0	0	0	0	

0.000927985	0.000748348	0.000591611	0.00045852	0.000348416	0.000259597	0.000189642	0.000135887	9.54607e-005	6.57892e-005	4.44909e-005	2.94717e-005	1.91864e-005	1.22754e-005	7.6524e-006	4.68481e-006	2.87513e-006	1.73672e-006	9.69678e-007	4.71975e-007	1.94218e-007	6.69282e-008	1.93277e-008	4.69788e-009	9.65968e-010	1.68767e-010	2.51375e-011	3.19861e-012	3.47936e-013	3.23291e-014	2.55983e-015	1.72001e-016	9.74507e-018	4.6134e-019	1.8018e-020	5.70259e-022	1.42551e-023	2.7081e-025	3.67318e-027	3.16806e-029	1.30545e-031	0	0	0	0	0	0	0	0	0	0	0	0	0	0	0	0	0	0	0	0	0	0	0	0	0	0	0	0	0	0	0	0	0	0	0	0	0	0	0	0	0	0	0	0	0	0	0	0	0	0	0	0	0	0	0	0	0	0	0	

0.00102557	0.000835338	0.000666983	0.000522106	0.000400679	0.000301509	0.000222446	0.000160955	0.000114208	7.94611e-005	5.42669e-005	3.63213e-005	2.38434e-005	1.54045e-005	9.73315e-006	5.99881e-006	3.6757e-006	2.25104e-006	1.31714e-006	6.90509e-007	3.10585e-007	1.17715e-007	3.7471e-008	1.00472e-008	2.28026e-009	4.40133e-010	7.25364e-011	1.02359e-011	1.23871e-012	1.28586e-013	1.14366e-014	8.69169e-016	5.61913e-017	3.0699e-018	1.40418e-019	5.30835e-021	1.6289e-022	3.95381e-024	7.30365e-026	9.64504e-028	8.10882e-030	3.26066e-032	0	0	0	0	0	0	0	0	0	0	0	0	0	0	0	0	0	0	0	0	0	0	0	0	0	0	0	0	0	0	0	0	0	0	0	0	0	0	0	0	0	0	0	0	0	0	0	0	0	0	0	0	0	0	0	0	0	0	

0.00112778	0.000927794	0.00074822	0.000591549	0.0004585	0.000348443	0.000259639	0.000189705	0.000135952	9.5519e-005	6.58534e-005	4.45366e-005	2.95092e-005	1.92248e-005	1.22977e-005	7.66529e-006	4.70068e-006	2.88794e-006	1.74134e-006	9.70663e-007	4.73673e-007	1.96633e-007	6.88074e-008	2.03063e-008	5.07492e-009	1.0793e-009	1.9619e-010	3.05869e-011	4.09945e-012	4.72861e-013	4.69347e-014	4.00274e-015	2.92429e-016	1.8215e-017	9.60775e-019	4.2508e-020	1.55702e-021	4.63653e-023	1.09371e-024	1.966e-026	2.52951e-028	2.07428e-030	8.14424e-033	0	0	0	0	0	0	0	0	0	0	0	0	0	0	0	0	0	0	0	0	0	0	0	0	0	0	0	0	0	0	0	0	0	0	0	0	0	0	0	0	0	0	0	0	0	0	0	0	0	0	0	0	0	0	0	0	0	

0.00123398	0.00102535	0.000835178	0.000666893	0.000522065	0.000400686	0.000301545	0.000222498	0.000161024	0.000114266	7.95253e-005	5.43228e-005	3.63597e-005	2.38837e-005	1.54354e-005	9.74835e-006	6.01336e-006	3.69122e-006	2.25944e-006	1.31918e-006	6.91698e-007	3.1282e-007	1.19957e-007	3.88752e-008	1.0676e-008	2.49588e-009	4.99056e-010	8.5685e-011	1.26702e-011	1.61657e-012	1.78094e-013	1.69328e-014	1.38691e-015	9.75415e-017	5.8614e-018	2.98837e-019	1.28023e-020	4.54789e-022	1.31537e-023	3.01776e-025	5.28248e-027	6.62619e-029	5.30319e-031	2.0342e-033	0	0	0	0	0	0	0	0	0	0	0	0	0	0	0	0	0	0	0	0	0	0	0	0	0	0	0	0	0	0	0	0	0	0	0	0	0	0	0	0	0	0	0	0	0	0	0	0	0	0	0	0	0	0	0	0	

0.00134345	0.00112751	0.000927601	0.000748095	0.000591486	0.000458483	0.00034847	0.000259679	0.000189771	0.000136015	9.55796e-005	6.59173e-005	4.45807e-005	2.95486e-005	1.92628e-005	1.2319e-005	7.67894e-006	4.71689e-006	2.90031e-006	1.74582e-006	9.71817e-007	4.75469e-007	1.99026e-007	7.06527e-008	2.12772e-008	5.45687e-009	1.19743e-009	2.25795e-010	3.67171e-011	5.16188e-012	6.28292e-013	6.62336e-014	6.04227e-015	4.76017e-016	3.22718e-017	1.8731e-018	9.2407e-020	3.83696e-021	1.32312e-022	3.71989e-024	8.3065e-026	1.4169e-027	1.73385e-029	1.35511e-031	5.08088e-034	0	0	0	0	0	0	0	0	0	0	0	0	0	0	0	0	0	0	0	0	0	0	0	0	0	0	0	0	0	0	0	0	0	0	0	0	0	0	0	0	0	0	0	0	0	0	0	0	0	0	0	0	0	0	0	

0.00145534	0.00123368	0.00102512	0.000835017	0.000666804	0.000522022	0.000400695	0.000301577	0.000222553	0.000161091	0.000114325	7.95912e-005	5.43764e-005	3.6399e-005	2.39249e-005	1.5465e-005	9.76363e-006	6.02867e-006	3.70655e-006	2.26749e-006	1.32129e-006	6.93044e-007	3.15079e-007	1.22162e-007	4.02597e-008	1.13055e-008	2.717e-009	5.61365e-010	1.00109e-010	1.54565e-011	2.07047e-012	2.40887e-013	2.43415e-014	2.13395e-015	1.61925e-016	1.05953e-017	5.94657e-019	2.84162e-020	1.14467e-021	3.83483e-023	1.04883e-024	2.28114e-026	3.79421e-028	4.53209e-030	3.46093e-032	1.26906e-034	0	0	0	0	0	0	0	0	0	0	0	0	0	0	0	0	0	0	0	0	0	0	0	0	0	0	0	0	0	0	0	0	0	0	0	0	0	0	0	0	0	0	0	0	0	0	0	0	0	0	0	0	0	0	

0.00156869	0.00134312	0.00112725	0.000927406	0.000747973	0.00059142	0.000458468	0.000348494	0.000259721	0.000189837	0.000136075	9.56427e-005	6.59798e-005	4.4624e-005	2.95897e-005	1.93001e-005	1.23395e-005	7.69333e-006	4.73335e-006	2.91227e-006	1.75017e-006	9.73131e-007	4.77352e-007	2.01399e-007	7.2467e-008	2.22409e-008	5.84332e-009	1.32014e-009	2.57566e-010	4.35514e-011	6.39911e-012	8.18432e-013	9.11809e-014	8.84615e-015	7.46338e-016	5.46176e-017	3.45337e-018	1.87615e-019	8.69236e-021	3.39989e-022	1.10747e-023	2.94875e-025	6.25075e-027	1.01442e-028	1.18345e-030	8.83487e-033	3.16977e-035	0	0	0	0	0	0	0	0	0	0	0	0	0	0	0	0	0	0	0	0	0	0	0	0	0	0	0	0	0	0	0	0	0	0	0	0	0	0	0	0	0	0	0	0	0	0	0	0	0	0	0	0	0	

0.00168244	0.00145499	0.00123338	0.00102489	0.000834858	0.000666713	0.00052198	0.000400706	0.000301607	0.00022261	0.000161155	0.000114384	7.96581e-005	5.44279e-005	3.64395e-005	2.39666e-005	1.54934e-005	9.77916e-006	6.04462e-006	3.72164e-006	2.27524e-006	1.32347e-006	6.94531e-007	3.17359e-007	1.24333e-007	4.16257e-008	1.19355e-008	2.94328e-009	6.2697e-010	1.15822e-010	1.86135e-011	2.60823e-012	3.19103e-013	3.41002e-014	3.18109e-015	2.58633e-016	1.82758e-017	1.11782e-018	5.88438e-020	2.64567e-021	1.00562e-022	3.18735e-024	8.26764e-026	1.70924e-027	2.70808e-029	3.08729e-031	2.25427e-033	7.91721e-036	0	0	0	0	0	0	0	0	0	0	0	0	0	0	0	0	0	0	0	0	0	0	0	0	0	0	0	0	0	0	0	0	0	0	0	0	0	0	0	0	0	0	0	0	0	0	0	0	0	0	0	0	

0.00179544	0.00156831	0.00134279	0.00112699	0.00092721	0.000747853	0.000591351	0.000458457	0.000348514	0.000259765	0.000189903	0.000136134	9.57082e-005	6.60406e-005	4.4667e-005	2.96322e-005	1.93365e-005	1.23595e-005	7.70846e-006	4.74996e-006	2.92385e-006	1.75444e-006	9.74595e-007	4.79313e-007	2.03754e-007	7.42527e-008	2.31975e-008	6.23389e-009	1.44725e-009	2.91483e-010	5.111e-011	7.82393e-012	1.0476e-012	1.22817e-013	1.26086e-014	1.13256e-015	8.88472e-017	6.06911e-018	3.59461e-019	1.83524e-020	8.01424e-022	2.96258e-023	9.14341e-025	2.31202e-026	4.66448e-028	7.21899e-030	8.04647e-032	5.74933e-034	1.9775e-036	0	0	0	0	0	0	0	0	0	0	0	0	0	0	0	0	0	0	0	0	0	0	0	0	0	0	0	0	0	0	0	0	0	0	0	0	0	0	0	0	0	0	0	0	0	0	0	0	0	0	0	

0.00190647	0.00168204	0.00145463	0.00123309	0.00102466	0.000834702	0.000666619	0.000521941	0.000400715	0.000301637	0.00022267	0.000161217	0.000114445	7.97249e-005	5.44777e-005	3.64814e-005	2.40084e-005	1.55207e-005	9.79504e-006	6.06112e-006	3.73649e-006	2.28272e-006	1.32574e-006	6.96147e-007	3.19655e-007	1.26473e-007	4.29746e-008	1.2566e-008	3.17443e-009	6.95785e-010	1.32833e-010	2.21588e-011	3.23765e-012	4.14992e-013	4.66968e-014	4.6122e-015	3.99434e-016	3.027e-017	2.00099e-018	1.14875e-019	5.69326e-021	2.41667e-022	8.69473e-024	2.61475e-025	6.4494e-027	1.27049e-028	1.92173e-030	2.09531e-032	1.46569e-034	4.93925e-037	0	0	0	0	0	0	0	0	0	0	0	0	0	0	0	0	0	0	0	0	0	0	0	0	0	0	0	0	0	0	0	0	0	0	0	0	0	0	0	0	0	0	0	0	0	0	0	0	0	0	

0.00201427	0.00179502	0.00156793	0.00134246	0.00112673	0.000927016	0.000747733	0.000591282	0.000458448	0.000348532	0.000259812	0.000189966	0.000136193	9.57754e-005	6.60995e-005	4.47102e-005	2.96758e-005	1.93719e-005	1.23791e-005	7.72427e-006	4.76664e-006	2.93507e-006	1.75865e-006	9.76198e-007	4.81343e-007	2.0609e-007	7.60122e-008	2.41475e-008	6.62825e-009	1.57857e-009	3.27523e-010	5.94111e-011	9.44865e-012	1.3202e-012	1.62263e-013	1.75512e-014	1.67005e-015	1.39617e-016	1.02322e-017	6.55226e-019	3.6494e-020	1.75717e-021	7.25587e-023	2.54253e-024	7.45516e-026	1.79477e-027	3.45415e-029	5.10895e-031	5.45157e-033	3.73501e-035	1.23369e-037	0	0	0	0	0	0	0	0	0	0	0	0	0	0	0	0	0	0	0	0	0	0	0	0	0	0	0	0	0	0	0	0	0	0	0	0	0	0	0	0	0	0	0	0	0	0	0	0	0	

0.00211756	0.00190604	0.00168164	0.00145427	0.0012328	0.00102443	0.000834549	0.000666522	0.000521905	0.000400721	0.000301668	0.00022273	0.000161276	0.000114509	7.97911e-005	5.45263e-005	3.65247e-005	2.40501e-005	1.55471e-005	9.81134e-006	6.07805e-006	3.75107e-006	2.28997e-006	1.32808e-006	6.97881e-007	3.21967e-007	1.28585e-007	4.43076e-008	1.31966e-008	3.41015e-009	7.67724e-010	1.51151e-010	2.61086e-011	3.96645e-012	5.30905e-013	6.26686e-014	6.52507e-015	5.98906e-016	4.83881e-017	3.43311e-018	2.13161e-019	1.15282e-020	5.39705e-022	2.16953e-023	7.40913e-025	2.11955e-026	4.98319e-028	9.3745e-030	1.3565e-031	1.41723e-033	9.51413e-036	3.08141e-038	0	0	0	0	0	0	0	0	0	0	0	0	0	0	0	0	0	0	0	0	0	0	0	0	0	0	0	0	0	0	0	0	0	0	0	0	0	0	0	0	0	0	0	0	0	0	0	0	

0.00221505	0.00201385	0.00179461	0.00156754	0.00134214	0.00112646	0.000926825	0.00074761	0.000591215	0.000458438	0.000348549	0.000259861	0.000190028	0.000136252	9.58438e-005	6.61565e-005	4.47541e-005	2.97203e-005	1.94063e-005	1.23986e-005	7.74072e-006	4.78334e-006	2.94598e-006	1.76281e-006	9.77933e-007	4.83436e-007	2.08409e-007	7.77472e-008	2.50913e-008	7.02612e-009	1.71393e-009	3.65662e-010	6.84702e-011	1.12851e-011	1.6407e-012	2.10715e-013	2.3923e-014	2.40088e-015	2.1282e-016	1.66353e-017	1.14372e-018	6.89168e-020	3.62209e-021	1.64999e-022	6.46132e-024	2.15192e-025	6.00955e-027	1.38055e-028	2.53993e-030	3.59732e-032	3.68145e-034	2.4226e-036	7.69651e-039	0	0	0	0	0	0	0	0	0	0	0	0	0	0	0	0	0	0	0	0	0	0	0	0	0	0	0	0	0	0	0	0	0	0	0	0	0	0	0	0	0	0	0	0	0	0	0	

0.00230547	0.00211715	0.00190562	0.00168124	0.00145391	0.0012325	0.0010242	0.000834397	0.000666425	0.000521871	0.000400725	0.000301701	0.00022279	0.000161334	0.000114574	7.98561e-005	5.45742e-005	3.65694e-005	2.40913e-005	1.55728e-005	9.82812e-006	6.09536e-006	3.76539e-006	2.29702e-006	1.33051e-006	6.99722e-007	3.24292e-007	1.30671e-007	4.56258e-008	1.38274e-008	3.65021e-009	8.42702e-010	1.70779e-010	3.04781e-011	4.80223e-012	6.69277e-013	8.26009e-014	9.03197e-015	8.74768e-016	7.49695e-017	5.67518e-018	3.78452e-019	2.21498e-020	1.13219e-021	5.02199e-023	1.91705e-024	6.23023e-026	1.69943e-027	3.81668e-029	6.87055e-031	9.52858e-033	9.55585e-035	6.16647e-037	1.92237e-039	0	0	0	0	0	0	0	0	0	0	0	0	0	0	0	0	0	0	0	0	0	0	0	0	0	0	0	0	0	0	0	0	0	0	0	0	0	0	0	0	0	0	0	0	0	0	

0.00238761	0.00221465	0.00201343	0.00179419	0.00156716	0.00134181	0.0011262	0.000926637	0.000747483	0.000591151	0.000458427	0.000348565	0.000259912	0.000190087	0.000136312	9.59125e-005	6.62119e-005	4.47989e-005	2.97653e-005	1.94398e-005	1.2418e-005	7.75776e-006	4.8e-006	2.95658e-006	1.76695e-006	9.79791e-007	4.85585e-007	2.10713e-007	7.94598e-008	2.60291e-008	7.42724e-009	1.85315e-009	4.05872e-010	7.83012e-011	1.33446e-011	2.0136e-012	2.69439e-013	3.20011e-014	3.37439e-015	3.15763e-016	2.61915e-017	1.92197e-018	1.24422e-019	7.07875e-021	3.5216e-022	1.52204e-023	5.66723e-025	1.79828e-026	4.79369e-028	1.05303e-029	1.8556e-031	2.52109e-033	2.47859e-035	1.56906e-037	4.80156e-040	0	0	0	0	0	0	0	0	0	0	0	0	0	0	0	0	0	0	0	0	0	0	0	0	0	0	0	0	0	0	0	0	0	0	0	0	0	0	0	0	0	0	0	0	0	

0.00246035	0.00230509	0.00211673	0.0019052	0.00168083	0.00145355	0.0012322	0.00102397	0.000834242	0.000666327	0.000521839	0.000400726	0.000301737	0.000222849	0.000161391	0.000114641	7.99196e-005	5.46218e-005	3.66152e-005	2.4132e-005	1.55978e-005	9.8454e-006	6.11295e-006	3.77944e-006	2.30391e-006	1.33303e-006	7.01662e-007	3.26628e-007	1.32732e-007	4.693e-008	1.44582e-008	3.89437e-009	9.20638e-010	1.91718e-010	3.52811e-011	5.75244e-012	8.32614e-013	1.07125e-013	1.22602e-014	1.24819e-015	1.12973e-016	9.07836e-018	6.46363e-019	4.06544e-020	2.25006e-021	1.09022e-022	4.59415e-024	1.66954e-025	5.17533e-027	1.34893e-028	2.89971e-030	5.00413e-032	6.66311e-034	6.42446e-036	3.99112e-038	1.1993e-040	0	0	0	0	0	0	0	0	0	0	0	0	0	0	0	0	0	0	0	0	0	0	0	0	0	0	0	0	0	0	0	0	0	0	0	0	0	0	0	0	0	0	0	0	

0.00252266	0.00238726	0.00221425	0.002013	0.00179378	0.00156678	0.00134149	0.00112593	0.00092645	0.000747355	0.00059109	0.000458413	0.000348582	0.000259964	0.000190143	0.000136374	9.59812e-005	6.62659e-005	4.48447e-005	2.98105e-005	1.94723e-005	1.24376e-005	7.77531e-006	4.81659e-006	2.96692e-006	1.77107e-006	9.81765e-007	4.87786e-007	2.13003e-007	8.11513e-008	2.69612e-008	7.83139e-009	1.99609e-009	4.48125e-010	8.89159e-011	1.56379e-011	2.44342e-012	3.39762e-013	4.20902e-014	4.64757e-015	4.5735e-016	4.00787e-017	3.12309e-018	2.15927e-019	1.32055e-020	7.11512e-022	3.35989e-023	1.38131e-024	4.90203e-026	1.48525e-027	3.78703e-029	7.96996e-031	1.34755e-032	1.75919e-034	1.66409e-036	1.01487e-038	2.99556e-041	0	0	0	0	0	0	0	0	0	0	0	0	0	0	0	0	0	0	0	0	0	0	0	0	0	0	0	0	0	0	0	0	0	0	0	0	0	0	0	0	0	0	0	

0.00257365	0.00246004	0.00230471	0.00211631	0.00190478	0.00168043	0.0014532	0.0012319	0.00102375	0.000834085	0.000666232	0.000521806	0.000400726	0.000301775	0.000222905	0.000161448	0.00011471	7.99816e-005	5.46695e-005	3.6662e-005	2.4172e-005	1.56223e-005	9.86317e-006	6.13076e-006	3.79324e-006	2.31065e-006	1.33563e-006	7.03693e-007	3.28974e-007	1.3477e-007	4.82213e-008	1.5089e-008	4.14241e-009	1.00145e-009	2.13968e-010	4.05306e-011	6.82441e-012	1.02348e-012	1.36918e-013	1.63525e-014	1.74411e-015	1.66071e-016	1.41042e-017	1.06669e-018	7.16746e-020	4.26534e-021	2.23881e-022	1.031e-023	4.13761e-025	1.4347e-026	4.25096e-028	1.06081e-029	2.18665e-031	3.62376e-033	4.63991e-035	4.30758e-037	2.5798e-039	7.48153e-042	0	0	0	0	0	0	0	0	0	0	0	0	0	0	0	0	0	0	0	0	0	0	0	0	0	0	0	0	0	0	0	0	0	0	0	0	0	0	0	0	0	0	

0.00261257	0.0025224	0.00238692	0.00221385	0.00201258	0.00179336	0.0015664	0.00134116	0.00112567	0.000926263	0.000747226	0.000591031	0.000458397	0.000348601	0.000260016	0.000190198	0.000136438	9.60492e-005	6.63188e-005	4.48916e-005	2.98559e-005	1.95041e-005	1.24573e-005	7.79333e-006	4.83309e-006	2.97701e-006	1.77519e-006	9.83846e-007	4.90033e-007	2.15278e-007	8.28234e-008	2.7888e-008	8.23836e-009	2.14261e-009	4.92392e-010	1.00324e-010	1.81753e-011	2.93468e-012	4.23072e-013	5.45227e-014	6.28548e-015	6.48256e-016	5.97861e-017	4.92534e-018	3.61835e-019	2.36467e-020	1.37026e-021	7.01108e-023	3.15054e-024	1.23494e-025	4.18611e-027	1.21352e-028	2.96514e-030	5.98893e-032	9.73178e-034	1.2226e-035	1.11434e-037	6.55589e-040	1.86933e-042	0	0	0	0	0	0	0	0	0	0	0	0	0	0	0	0	0	0	0	0	0	0	0	0	0	0	0	0	0	0	0	0	0	0	0	0	0	0	0	0	0	

0.00263886	0.00257344	0.00245973	0.00230434	0.0021159	0.00190436	0.00168002	0.00145285	0.0012316	0.00102353	0.000833925	0.00066614	0.000521772	0.000400725	0.000301815	0.000222959	0.000161506	0.000114779	8.0042e-005	5.47176e-005	3.67096e-005	2.42113e-005	1.56465e-005	9.88143e-006	6.14874e-006	3.80678e-006	2.31728e-006	1.33832e-006	7.05807e-007	3.31329e-007	1.36788e-007	4.95004e-008	1.57197e-008	4.39414e-009	1.08507e-009	2.37527e-010	4.62381e-011	8.02524e-012	1.2445e-012	1.72698e-013	2.14671e-014	2.39148e-015	2.38749e-016	2.13468e-017	1.70736e-018	1.21934e-019	7.75593e-021	4.37929e-022	2.18561e-023	9.58913e-025	3.67317e-026	1.21779e-027	3.45557e-029	8.27091e-031	1.63756e-032	2.61015e-034	3.21851e-036	2.88099e-038	1.66553e-040	4.66632e-043	0	0	0	0	0	0	0	0	0	0	0	0	0	0	0	0	0	0	0	0	0	0	0	0	0	0	0	0	0	0	0	0	0	0	0	0	0	0	0	0	

0.00265212	0.00261242	0.00252213	0.00238658	0.00221344	0.00201216	0.00179294	0.00156602	0.00134083	0.00112541	0.000926074	0.000747098	0.000590973	0.000458378	0.000348622	0.000260067	0.000190252	0.000136504	9.61162e-005	6.63711e-005	4.49396e-005	2.9901e-005	1.95351e-005	1.24772e-005	7.81175e-006	4.84948e-006	2.98688e-006	1.77932e-006	9.86029e-007	4.92323e-007	2.17541e-007	8.44773e-008	2.88097e-008	8.64797e-009	2.29257e-009	5.38644e-010	1.12535e-010	2.09667e-011	3.49186e-012	5.20807e-013	6.96575e-014	8.36159e-015	9.01104e-016	8.7164e-017	7.56229e-018	5.87699e-019	4.08323e-020	2.52966e-021	1.39266e-022	6.78353e-024	2.90742e-025	1.08891e-026	3.53261e-028	9.81627e-030	2.30247e-031	4.47038e-033	6.99192e-035	8.4651e-037	7.44406e-039	4.2301e-041	1.16308e-043	0	0	0	0	0	0	0	0	0	0	0	0	0	0	0	0	0	0	0	0	0	0	0	0	0	0	0	0	0	0	0	0	0	0	0	0	0	0	0	

0.00265215	0.00263877	0.00257323	0.00245943	0.00230396	0.00211548	0.00190393	0.00167962	0.00145249	0.00123131	0.00102331	0.000833764	0.00066605	0.000521736	0.000400725	0.000301855	0.000223011	0.000161566	0.000114849	8.0101e-005	5.47663e-005	3.67578e-005	2.42499e-005	1.56705e-005	9.90016e-006	6.16684e-006	3.8201e-006	2.3238e-006	1.34108e-006	7.07998e-007	3.33692e-007	1.38786e-007	5.07681e-008	1.63502e-008	4.64938e-009	1.17141e-009	2.62391e-010	5.24147e-011	9.36186e-012	1.49832e-012	2.15222e-013	2.77783e-014	3.22358e-015	3.36398e-016	3.15574e-017	2.65893e-018	2.00934e-019	1.35913e-020	8.20639e-022	4.40768e-023	2.09657e-024	8.78284e-026	3.21774e-027	1.02194e-028	2.78205e-030	6.39735e-032	1.21848e-033	1.87071e-035	2.22448e-037	1.92235e-039	1.0741e-041	2.94273e-044	0	0	0	0	0	0	0	0	0	0	0	0	0	0	0	0	0	0	0	0	0	0	0	0	0	0	0	0	0	0	0	0	0	0	0	0	0	0	

0.00263895	0.00265208	0.00261227	0.00252187	0.00238623	0.00221304	0.00201174	0.00179252	0.00156564	0.0013405	0.00112515	0.000925882	0.000746973	0.000590914	0.000458358	0.000348646	0.000260116	0.000190306	0.000136571	9.6182e-005	6.64229e-005	4.49885e-005	2.99459e-005	1.95654e-005	1.24974e-005	7.83053e-006	4.86573e-006	2.99655e-006	1.78346e-006	9.88308e-007	4.94652e-007	2.19792e-007	8.61142e-008	2.97266e-008	9.06005e-009	2.44583e-009	5.86849e-010	1.25556e-010	2.40212e-011	4.11945e-012	6.34451e-013	8.78803e-014	1.0958e-014	1.23063e-015	1.24475e-016	1.13343e-017	9.28182e-019	6.82562e-020	4.4978e-021	2.64848e-022	1.38862e-023	6.45363e-025	2.64374e-026	9.47919e-028	2.94853e-029	7.86703e-031	1.77418e-032	3.31621e-034	4.99932e-036	5.84062e-038	4.96158e-040	2.72693e-042	7.00649e-045	0	0	0	0	0	0	0	0	0	0	0	0	0	0	0	0	0	0	0	0	0	0	0	0	0	0	0	0	0	0	0	0	0	0	0	0	0	

0.00261272	0.00265218	0.00263867	0.00257302	0.00245912	0.00230358	0.00211507	0.00190351	0.00167922	0.00145214	0.00123101	0.00102309	0.000833602	0.000665963	0.000521697	0.000400727	0.000301896	0.000223062	0.000161626	0.000114918	8.01588e-005	5.48157e-005	3.68065e-005	2.42877e-005	1.56943e-005	9.91934e-006	6.18501e-006	3.83318e-006	2.33023e-006	1.34392e-006	7.10261e-007	3.36061e-007	1.40765e-007	5.20251e-008	1.69806e-008	4.90798e-009	1.26041e-009	2.88554e-010	5.907e-011	1.0841e-011	1.78762e-012	2.65287e-013	3.54759e-014	4.27821e-015	4.65421e-016	4.567e-017	4.0398e-018	3.21782e-019	2.30428e-020	1.48021e-021	8.50519e-023	4.35549e-024	1.97881e-025	7.93082e-027	2.7842e-028	8.48549e-030	2.21982e-031	4.91154e-033	9.01232e-035	1.33453e-036	1.53227e-038	1.2799e-040	6.92241e-043	1.4013e-045	0	0	0	0	0	0	0	0	0	0	0	0	0	0	0	0	0	0	0	0	0	0	0	0	0	0	0	0	0	0	0	0	0	0	0	0	

0.00257385	0.00263904	0.00265205	0.00261211	0.00252161	0.00238588	0.00221264	0.00201132	0.00179211	0.00156526	0.00134017	0.00112489	0.000925688	0.00074685	0.000590854	0.000458338	0.000348671	0.000260163	0.000190361	0.000136639	9.62466e-005	6.64747e-005	4.50384e-005	2.99905e-005	1.95952e-005	1.25178e-005	7.84961e-006	4.88183e-006	3.00604e-006	1.78762e-006	9.90677e-007	4.97016e-007	2.22031e-007	8.77352e-008	3.06389e-008	9.47447e-009	2.60229e-009	6.36977e-010	1.39391e-010	2.73476e-011	4.82184e-012	7.6553e-013	1.09602e-013	1.41658e-014	1.65385e-015	1.7445e-016	1.66208e-017	1.42935e-018	1.10819e-019	7.73283e-021	4.84534e-022	2.71829e-023	1.36034e-024	6.04467e-026	2.37129e-027	8.15424e-029	2.436e-030	6.25053e-032	1.35733e-033	2.44581e-035	3.55855e-037	4.01667e-039	3.30006e-041	1.75162e-043	0	0	0	0	0	0	0	0	0	0	0	0	0	0	0	0	0	0	0	0	0	0	0	0	0	0	0	0	0	0	0	0	0	0	0	0	

0.00252292	0.00261288	0.00265221	0.00263858	0.00257281	0.00245882	0.0023032	0.00211466	0.00190308	0.00167883	0.00145178	0.00123072	0.00102286	0.000833442	0.000665876	0.000521656	0.000400731	0.000301936	0.000223111	0.000161689	0.000114987	8.02157e-005	5.48659e-005	3.68553e-005	2.43249e-005	1.57181e-005	9.93893e-006	6.20323e-006	3.84605e-006	2.33659e-006	1.34684e-006	7.1259e-007	3.38437e-007	1.42728e-007	5.3272e-008	1.76108e-008	5.16977e-009	1.352e-009	3.1601e-010	6.62133e-011	1.24692e-011	2.11509e-012	3.23723e-013	4.47655e-014	5.5979e-015	6.33322e-016	6.48287e-017	6.00199e-018	5.02179e-019	3.7923e-020	2.58021e-021	1.57794e-022	8.64788e-024	4.23133e-025	1.83979e-026	7.06757e-028	2.38158e-029	6.97659e-031	1.75647e-032	3.74475e-034	6.62858e-036	9.47899e-038	1.05212e-039	8.50448e-042	4.34403e-044	0	0	0	0	0	0	0	0	0	0	0	0	0	0	0	0	0	0	0	0	0	0	0	0	0	0	0	0	0	0	0	0	0	0	0	

0.00246065	0.00257406	0.00263913	0.00265202	0.00261195	0.00252136	0.00238553	0.00221225	0.00201089	0.00179169	0.00156488	0.00133984	0.00112464	0.000925493	0.000746729	0.000590793	0.000458319	0.000348698	0.000260209	0.000190416	0.000136707	9.63099e-005	6.65266e-005	4.50889e-005	3.00345e-005	1.96246e-005	1.25387e-005	7.86895e-006	4.89779e-006	3.01537e-006	1.7918e-006	9.9313e-007	4.99413e-007	2.24259e-007	8.93414e-008	3.15468e-008	9.89109e-009	2.76183e-009	6.88998e-010	1.54048e-010	3.09542e-011	5.60339e-012	9.15603e-013	1.35258e-013	1.80849e-014	2.19021e-015	2.40337e-016	2.38942e-017	2.15128e-018	1.75244e-019	1.28985e-020	8.56205e-022	5.11337e-023	2.73904e-024	1.31097e-025	5.58014e-027	2.10001e-028	6.93721e-030	1.99347e-031	4.92626e-033	1.03147e-034	1.79411e-036	2.52237e-038	2.75386e-040	2.19023e-042	1.12104e-044	0	0	0	0	0	0	0	0	0	0	0	0	0	0	0	0	0	0	0	0	0	0	0	0	0	0	0	0	0	0	0	0	0	0	

0.00238795	0.00252318	0.00261303	0.00265224	0.00263848	0.0025726	0.00245851	0.00230283	0.00211424	0.00190266	0.00167843	0.00145142	0.00123043	0.00102263	0.000833284	0.000665789	0.000521614	0.000400737	0.000301976	0.00022316	0.000161752	0.000115055	8.02718e-005	5.49169e-005	3.69043e-005	2.43614e-005	1.57419e-005	9.95892e-006	6.22147e-006	3.85871e-006	2.34289e-006	1.34984e-006	7.14981e-007	3.40818e-007	1.44674e-007	5.45094e-008	1.82407e-008	5.43462e-009	1.44611e-009	3.44752e-010	7.38526e-011	1.42527e-011	2.48345e-012	3.91393e-013	5.58685e-014	7.23014e-015	8.4881e-016	9.04172e-017	8.73761e-018	7.65575e-019	6.07583e-020	4.36136e-021	2.82616e-022	1.64912e-023	8.63839e-025	4.0463e-026	1.68678e-027	6.22135e-029	2.0155e-030	5.68343e-032	1.37903e-033	2.83668e-035	4.84983e-037	6.70542e-039	7.20295e-041	5.63322e-043	2.8026e-045	0	0	0	0	0	0	0	0	0	0	0	0	0	0	0	0	0	0	0	0	0	0	0	0	0	0	0	0	0	0	0	0	0	

0.00230584	0.00246096	0.00257427	0.00263923	0.00265199	0.0026118	0.0025211	0.00238519	0.00221185	0.00201046	0.00179128	0.0015645	0.00133951	0.00112438	0.000925297	0.000746611	0.000590729	0.0004583	0.000348725	0.000260253	0.000190471	0.000136776	9.63719e-005	6.65788e-005	4.51402e-005	3.00781e-005	1.96536e-005	1.25598e-005	7.88851e-006	4.9136e-006	3.02455e-006	1.79601e-006	9.95662e-007	5.01841e-007	2.26478e-007	9.09337e-008	3.24507e-008	1.03098e-008	2.92435e-009	7.42882e-010	1.69528e-010	3.48488e-011	6.46841e-012	1.08626e-012	1.65308e-013	2.28247e-014	2.86174e-015	3.25964e-016	3.3734e-017	3.17106e-018	2.70575e-019	2.09342e-020	1.46639e-021	9.28108e-023	5.29421e-024	2.71317e-025	1.2443e-026	5.08226e-028	1.83782e-029	5.84112e-031	1.61688e-032	3.85334e-034	7.7894e-036	1.30939e-037	1.78086e-039	1.88264e-041	1.44334e-043	1.4013e-045	0	0	0	0	0	0	0	0	0	0	0	0	0	0	0	0	0	0	0	0	0	0	0	0	0	0	0	0	0	0	0	0	

0.00221545	0.0023883	0.00252344	0.00261318	0.00265227	0.00263839	0.00257239	0.0024582	0.00230245	0.00211383	0.00190223	0.00167803	0.00145106	0.00123014	0.00102241	0.000833128	0.000665702	0.000521572	0.000400745	0.000302014	0.000223209	0.000161817	0.000115122	8.03274e-005	5.49688e-005	3.69531e-005	2.43972e-005	1.57658e-005	9.97926e-006	6.2397e-006	3.87119e-006	2.34914e-006	1.35291e-006	7.17429e-007	3.43204e-007	1.46606e-007	5.57379e-008	1.88705e-008	5.7024e-009	1.54267e-009	3.74772e-010	8.19954e-011	1.61977e-011	2.89541e-012	4.69188e-013	6.90216e-014	9.2275e-015	1.12189e-015	1.24088e-016	1.24859e-017	1.1425e-018	9.49979e-020	7.16958e-021	4.90352e-022	3.03292e-023	1.69209e-024	8.48779e-026	3.81286e-027	1.52647e-028	5.41401e-030	1.68873e-031	4.59026e-033	1.07481e-034	2.13578e-036	3.53097e-038	4.72529e-040	4.91716e-042	3.78351e-044	0	0	0	0	0	0	0	0	0	0	0	0	0	0	0	0	0	0	0	0	0	0	0	0	0	0	0	0	0	0	0	0	

0.00211798	0.00230622	0.00246126	0.00257448	0.00263932	0.00265196	0.00261165	0.00252083	0.00238484	0.00221145	0.00201004	0.00179087	0.00156412	0.00133919	0.00112412	0.000925103	0.000746493	0.000590664	0.000458284	0.000348752	0.000260295	0.000190529	0.000136845	9.64329e-005	6.66314e-005	4.51919e-005	3.01211e-005	1.96823e-005	1.25813e-005	7.90825e-006	4.92925e-006	3.0336e-006	1.80026e-006	9.9827e-007	5.04297e-007	2.28686e-007	9.25129e-008	3.33506e-008	1.07305e-008	3.08974e-009	7.98598e-010	1.85835e-010	3.90389e-011	7.4211e-012	1.27912e-012	2.00234e-013	2.85036e-014	3.69314e-015	4.35789e-016	4.68425e-017	4.58604e-018	4.08761e-019	3.31416e-020	2.44128e-021	1.63112e-022	9.86419e-024	5.38502e-025	2.64511e-026	1.16436e-027	4.57085e-029	1.59063e-030	4.87087e-032	1.30053e-033	2.99283e-035	5.84777e-037	9.5108e-039	1.25268e-040	1.28359e-042	9.80909e-045	0	0	0	0	0	0	0	0	0	0	0	0	0	0	0	0	0	0	0	0	0	0	0	0	0	0	0	0	0	0	0	

0.0020147	0.00221585	0.00238864	0.0025237	0.00261333	0.0026523	0.00263829	0.00257218	0.00245789	0.00230208	0.00211341	0.00190181	0.00167763	0.0014507	0.00122985	0.00102218	0.000832974	0.000665612	0.000521529	0.000400754	0.00030205	0.000223257	0.000161883	0.000115189	8.03827e-005	5.50214e-005	3.70019e-005	2.44325e-005	1.57897e-005	9.99992e-006	6.2579e-006	3.88348e-006	2.35535e-006	1.35605e-006	7.1993e-007	3.45594e-007	1.48523e-007	5.69579e-008	1.95e-008	5.97299e-009	1.64164e-009	4.0606e-010	9.06484e-011	1.83099e-011	3.35368e-012	5.58029e-013	8.44763e-014	1.16478e-014	1.46394e-015	1.67793e-016	1.75407e-017	1.67208e-018	1.45265e-019	1.14913e-020	8.26642e-022	5.39842e-023	3.19353e-024	1.7067e-025	8.21259e-027	3.54392e-028	1.36467e-029	4.66116e-031	1.40175e-032	3.67754e-034	8.31977e-036	1.59891e-037	2.5589e-039	3.31785e-041	3.3491e-043	2.8026e-045	0	0	0	0	0	0	0	0	0	0	0	0	0	0	0	0	0	0	0	0	0	0	0	0	0	0	0	0	0	0	

0.00190689	0.0021184	0.00230659	0.00246157	0.00257468	0.00263941	0.00265192	0.0026115	0.00252057	0.0023845	0.00221105	0.00200961	0.00179046	0.00156373	0.00133887	0.00112386	0.000924911	0.000746376	0.000590597	0.000458269	0.000348778	0.000260337	0.000190587	0.000136914	9.6493e-005	6.66846e-005	4.5244e-005	3.01635e-005	1.97108e-005	1.26031e-005	7.92815e-006	4.94475e-006	3.04253e-006	1.80453e-006	1.00095e-006	5.06778e-007	2.30886e-007	9.40798e-008	3.42468e-008	1.11531e-008	3.25792e-009	8.56117e-010	2.02971e-010	4.35313e-011	8.46562e-012	1.49582e-012	2.40539e-013	3.52493e-014	4.71199e-015	5.74955e-016	6.40606e-017	6.51758e-018	6.0533e-019	5.12905e-020	3.96091e-021	2.78407e-022	1.77796e-023	1.02934e-024	5.38753e-026	2.54073e-027	1.07519e-028	4.06275e-030	1.36247e-031	4.02513e-033	1.03793e-034	2.30908e-036	4.36588e-038	6.87725e-040	8.78054e-042	8.68805e-044	1.4013e-045	0	0	0	0	0	0	0	0	0	0	0	0	0	0	0	0	0	0	0	0	0	0	0	0	0	0	0	0	0	

0.00179585	0.00201512	0.00221625	0.00238898	0.00252395	0.00261348	0.00265233	0.00263819	0.00257197	0.00245758	0.00230171	0.00211299	0.0019014	0.00167723	0.00145035	0.00122956	0.00102195	0.000832823	0.000665521	0.000521488	0.000400764	0.000302084	0.000223307	0.000161949	0.000115254	8.04379e-005	5.50747e-005	3.70503e-005	2.44673e-005	1.58139e-005	1.00209e-005	6.27606e-006	3.89561e-006	2.36153e-006	1.35925e-006	7.22482e-007	3.47988e-007	1.50427e-007	5.817e-008	2.01293e-008	6.24628e-009	1.74294e-009	4.38608e-010	9.98178e-011	2.05951e-011	3.86094e-012	6.5886e-013	1.02499e-013	1.45541e-014	1.88783e-015	2.23815e-016	2.4259e-017	2.40373e-018	2.17652e-019	1.7997e-020	1.35752e-021	9.32793e-023	5.82812e-024	3.3036e-025	1.69413e-026	7.833e-028	3.25193e-029	1.20618e-030	3.97284e-032	1.15336e-033	2.92404e-035	6.39866e-037	1.19057e-038	1.84636e-040	2.32195e-042	2.24208e-044	0	0	0	0	0	0	0	0	0	0	0	0	0	0	0	0	0	0	0	0	0	0	0	0	0	0	0	0	0	

0.00168284	0.00190732	0.00211881	0.00230697	0.00246187	0.00257489	0.0026395	0.00265188	0.00261134	0.0025203	0.00238415	0.00221065	0.00200919	0.00179005	0.00156335	0.00133854	0.0011236	0.00092472	0.000746258	0.000590529	0.000458256	0.000348803	0.000260378	0.000190646	0.000136982	9.65522e-005	6.67384e-005	4.52963e-005	3.02054e-005	1.97391e-005	1.26252e-005	7.94816e-006	4.96009e-006	3.05135e-006	1.80885e-006	1.0037e-006	5.09284e-007	2.33077e-007	9.56351e-008	3.51395e-008	1.15774e-008	3.42879e-009	9.1541e-010	2.20937e-010	4.83325e-011	9.606e-012	1.73801e-012	2.86746e-013	4.31987e-014	5.94876e-015	7.4935e-016	8.63852e-017	9.11495e-018	8.80166e-019	7.77453e-020	6.27695e-021	4.62708e-022	3.10966e-023	1.90175e-024	1.05589e-025	5.30737e-027	2.40679e-028	9.80591e-030	3.57144e-031	1.15571e-032	3.29802e-034	8.22285e-036	1.77043e-037	3.24254e-039	4.95191e-041	6.12367e-043	5.60519e-045	0	0	0	0	0	0	0	0	0	0	0	0	0	0	0	0	0	0	0	0	0	0	0	0	0	0	0	0	

0.00156908	0.00179627	0.00201555	0.00221664	0.00238933	0.00252421	0.00261363	0.00265235	0.0026381	0.00257176	0.00245727	0.00230133	0.00211257	0.00190098	0.00167683	0.00144999	0.00122927	0.00102172	0.000832672	0.000665428	0.000521448	0.000400774	0.000302118	0.000223357	0.000162016	0.000115318	8.04932e-005	5.51286e-005	3.70985e-005	2.45017e-005	1.58382e-005	1.00421e-005	6.29416e-006	3.90758e-006	2.36768e-006	1.36252e-006	7.25081e-007	3.50386e-007	1.52319e-007	5.93746e-008	2.07584e-008	6.52217e-009	1.84652e-009	4.72405e-010	1.09509e-010	2.30587e-011	4.41988e-012	7.72647e-013	1.23371e-013	1.8015e-014	2.40796e-015	2.94802e-016	3.30693e-017	3.39908e-018	3.20065e-019	2.7595e-020	2.17657e-021	1.56878e-022	1.03166e-023	6.17821e-025	3.36136e-026	1.65669e-027	7.37112e-029	2.94828e-030	1.05475e-031	3.35432e-033	9.41178e-035	2.30839e-036	4.89135e-038	8.82031e-040	1.32675e-041	1.61149e-043	1.4013e-045	0	0	0	0	0	0	0	0	0	0	0	0	0	0	0	0	0	0	0	0	0	0	0	0	0	0	0	

0.0014557	0.00168324	0.00190774	0.00211923	0.00230734	0.00246218	0.0025751	0.00263959	0.00265185	0.00261119	0.00252004	0.00238381	0.00221024	0.00200877	0.00178963	0.00156297	0.00133822	0.00112334	0.000924533	0.000746138	0.000590461	0.000458244	0.000348827	0.000260418	0.000190707	0.000137049	9.66109e-005	6.67929e-005	4.53488e-005	3.02467e-005	1.97674e-005	1.26476e-005	7.96826e-006	4.97529e-006	3.06008e-006	1.8132e-006	1.0065e-006	5.11812e-007	2.3526e-007	9.71795e-008	3.60289e-008	1.20035e-008	3.60227e-009	9.76448e-010	2.39734e-010	5.34488e-011	1.08462e-011	2.00735e-012	3.39399e-013	5.24981e-014	7.43698e-015	9.65654e-016	1.14986e-016	1.25597e-017	1.25839e-018	1.15615e-019	9.73478e-021	7.50515e-022	5.29158e-023	3.40661e-024	1.99857e-025	1.06593e-026	5.15327e-028	2.2504e-029	8.8394e-031	3.10714e-032	9.71389e-034	2.68068e-035	6.46942e-037	1.34945e-038	2.39642e-040	3.55089e-042	4.2039e-044	0	0	0	0	0	0	0	0	0	0	0	0	0	0	0	0	0	0	0	0	0	0	0	0	0	0	0	

0.00134378	0.00156946	0.00179669	0.00201597	0.00221704	0.00238968	0.00252447	0.00261378	0.00265238	0.00263801	0.00257154	0.00245697	0.00230095	0.00211215	0.00190056	0.00167642	0.00144964	0.00122897	0.00102149	0.000832522	0.000665334	0.000521409	0.000400784	0.00030215	0.000223408	0.000162083	0.000115381	8.05487e-005	5.51831e-005	3.71463e-005	2.45357e-005	1.58627e-005	1.00636e-005	6.31219e-006	3.91941e-006	2.37382e-006	1.36586e-006	7.27723e-007	3.52787e-007	1.54199e-007	6.05722e-008	2.13874e-008	6.80056e-009	1.95234e-009	5.07441e-010	1.19727e-010	2.57058e-011	5.03316e-012	9.00377e-013	1.47386e-013	2.21047e-014	3.04039e-015	3.83793e-016	4.4481e-017	4.73404e-018	4.62622e-019	4.1495e-020	3.41393e-021	2.5739e-022	1.77605e-023	1.1198e-024	6.43844e-026	3.36752e-027	1.59753e-028	6.84948e-030	2.64293e-031	9.13088e-033	2.80702e-034	7.62077e-036	1.81014e-037	3.71774e-039	6.50329e-041	9.48679e-043	1.12104e-044	0	0	0	0	0	0	0	0	0	0	0	0	0	0	0	0	0	0	0	0	0	0	0	0	0	0	

0.00123428	0.00145606	0.00168365	0.00190817	0.00211964	0.00230772	0.00246248	0.00257531	0.00263968	0.00265182	0.00261103	0.00251977	0.00238347	0.00220984	0.00200836	0.00178922	0.00156259	0.0013379	0.00112307	0.000924347	0.000746018	0.000590394	0.000458233	0.00034885	0.000260459	0.000190768	0.000137116	9.66691e-005	6.68479e-005	4.54012e-005	3.02875e-005	1.97956e-005	1.26704e-005	7.98844e-006	4.99034e-006	3.06872e-006	1.81758e-006	1.00937e-006	5.14361e-007	2.37435e-007	9.87137e-008	3.69151e-008	1.24313e-008	3.77828e-009	1.0392e-009	2.59361e-010	5.88858e-011	1.21902e-011	2.30553e-012	3.99058e-013	6.33024e-014	9.21331e-015	1.23139e-015	1.51225e-016	1.70705e-017	1.77133e-018	1.6893e-019	1.48005e-020	1.19043e-021	8.78108e-023	5.93252e-024	3.66484e-025	2.06588e-026	1.06002e-027	4.93613e-029	2.07858e-030	7.88124e-032	2.67692e-033	8.09444e-035	2.1625e-036	5.05672e-038	1.02285e-039	1.76283e-041	2.53635e-043	2.8026e-045	0	0	0	0	0	0	0	0	0	0	0	0	0	0	0	0	0	0	0	0	0	0	0	0	0	

0.00112804	0.00134411	0.00156984	0.0017971	0.00201639	0.00221745	0.00239002	0.00252473	0.00261393	0.0026524	0.00263791	0.00257132	0.00245666	0.00230057	0.00211174	0.00190014	0.00167602	0.0014493	0.00122868	0.00102127	0.000832372	0.000665239	0.000521372	0.000400793	0.000302181	0.00022346	0.000162149	0.000115444	8.06045e-005	5.5238e-005	3.71938e-005	2.45694e-005	1.58874e-005	1.00853e-005	6.33015e-006	3.93109e-006	2.37994e-006	1.36925e-006	7.30408e-007	3.55191e-007	1.56068e-007	6.1763e-008	2.20161e-008	7.08136e-009	2.06033e-009	5.43705e-010	1.30476e-010	2.85415e-011	5.70341e-012	1.04305e-012	1.74853e-013	2.69025e-014	3.80286e-015	4.94258e-016	5.90938e-017	6.50111e-018	6.58101e-019	6.12848e-020	5.24749e-021	4.12813e-022	2.98059e-023	1.97245e-024	1.19432e-025	6.6031e-027	3.32499e-028	1.52033e-029	6.28964e-031	2.34413e-032	7.82993e-034	2.3294e-035	6.12543e-037	1.41044e-038	2.81046e-040	4.77282e-042	6.72623e-044	1.4013e-045	0	0	0	0	0	0	0	0	0	0	0	0	0	0	0	0	0	0	0	0	0	0	0	0	

0.0010258	0.00123457	0.00145642	0.00168405	0.00190859	0.00212005	0.0023081	0.00246278	0.00257551	0.00263977	0.00265178	0.00261087	0.00251951	0.00238312	0.00220944	0.00200794	0.0017888	0.00156221	0.00133758	0.00112281	0.000924162	0.000745896	0.000590327	0.000458223	0.000348871	0.000260501	0.00019083	0.000137182	9.67271e-005	6.69036e-005	4.54537e-005	3.03279e-005	1.98238e-005	1.26934e-005	8.00866e-006	5.00525e-006	3.07729e-006	1.82201e-006	1.0123e-006	5.1693e-007	2.39604e-007	1.00238e-007	3.77983e-008	1.28606e-008	3.95676e-009	1.10365e-009	2.79818e-010	6.46489e-011	1.36416e-011	2.63422e-012	4.66302e-013	7.5776e-014	1.13176e-014	1.555e-015	1.96673e-016	2.29077e-017	2.45763e-018	2.42841e-019	2.20936e-020	1.84972e-021	1.42392e-022	1.00676e-023	6.52856e-025	3.87616e-026	2.10261e-027	1.03939e-028	4.66814e-030	1.89789e-031	6.9547e-033	2.28512e-034	6.69025e-036	1.73207e-037	3.92815e-039	7.71219e-041	1.2906e-042	1.82169e-044	0	0	0	0	0	0	0	0	0	0	0	0	0	0	0	0	0	0	0	0	0	0	0	0	

0.000928178	0.0011283	0.00134444	0.00157022	0.00179752	0.00201681	0.00221785	0.00239036	0.00252499	0.00261408	0.00265243	0.00263782	0.00257111	0.00245636	0.00230019	0.00211133	0.00189972	0.00167562	0.00144895	0.00122838	0.00102104	0.000832221	0.000665143	0.000521336	0.000400802	0.000302212	0.000223513	0.000162216	0.000115505	8.06607e-005	5.52932e-005	3.72408e-005	2.46028e-005	1.59123e-005	1.01071e-005	6.34802e-006	3.94266e-006	2.38605e-006	1.37271e-006	7.33131e-007	3.57598e-007	1.57927e-007	6.29475e-008	2.26447e-008	7.36449e-009	2.17045e-009	5.81187e-010	1.41759e-010	3.15707e-011	6.43324e-012	1.20169e-012	2.06092e-013	3.24938e-014	4.71489e-015	6.30122e-016	7.76081e-017	8.81181e-018	9.22452e-019	8.90198e-020	7.91653e-021	6.4837e-022	4.88622e-023	3.38444e-024	2.15147e-025	1.25299e-026	6.67092e-028	3.2384e-029	1.42904e-030	5.71133e-032	2.05834e-033	6.65451e-035	1.9178e-036	4.88945e-038	1.09241e-039	2.11372e-041	3.48923e-043	4.2039e-045	0	0	0	0	0	0	0	0	0	0	0	0	0	0	0	0	0	0	0	0	0	0	0	

0.000835654	0.00102603	0.00123487	0.00145678	0.00168445	0.00190901	0.00212047	0.00230847	0.00246308	0.00257572	0.00263985	0.00265175	0.00261071	0.00251925	0.00238277	0.00220904	0.00200752	0.00178838	0.00156184	0.00133726	0.00112255	0.000923978	0.000745772	0.000590262	0.000458214	0.000348892	0.000260543	0.000190893	0.000137247	9.67849e-005	6.69598e-005	4.5506e-005	3.03678e-005	1.9852e-005	1.27166e-005	8.02892e-006	5.02002e-006	3.08579e-006	1.82647e-006	1.01528e-006	5.19517e-007	2.41765e-007	1.01753e-007	3.86787e-008	1.32915e-008	4.13762e-009	1.16975e-009	3.01105e-010	7.07432e-011	1.52042e-011	2.99511e-012	5.41722e-013	9.00917e-014	1.37929e-014	1.94583e-015	2.53128e-016	3.03789e-017	3.36444e-018	3.43857e-019	3.24253e-020	2.81999e-021	2.26038e-022	1.66835e-023	1.13253e-024	7.06024e-026	4.03471e-027	2.10901e-028	1.00573e-029	4.36189e-031	1.71419e-032	6.07753e-034	1.93377e-035	5.48723e-037	1.37798e-038	3.03366e-040	5.78456e-042	9.3887e-044	1.4013e-045	0	0	0	0	0	0	0	0	0	0	0	0	0	0	0	0	0	0	0	0	0	0	

0.000748598	0.000928372	0.00112857	0.00134477	0.00157061	0.00179794	0.00201724	0.00221825	0.0023907	0.00252525	0.00261423	0.00265246	0.00263772	0.0025709	0.00245605	0.00229981	0.00211092	0.0018993	0.00167522	0.0014486	0.00122808	0.00102082	0.000832069	0.000665048	0.000521302	0.00040081	0.000302242	0.000223567	0.000162282	0.000115566	8.07174e-005	5.53487e-005	3.72873e-005	2.46359e-005	1.59375e-005	1.01291e-005	6.36581e-006	3.9541e-006	2.39216e-006	1.37622e-006	7.3589e-007	3.60007e-007	1.59776e-007	6.4126e-008	2.32731e-008	7.64988e-009	2.28264e-009	6.19876e-010	1.53582e-010	3.47978e-011	7.22523e-012	1.37734e-012	2.41437e-013	3.89692e-014	5.79782e-015	7.95801e-016	1.00835e-016	1.17994e-017	1.27537e-018	1.27327e-019	1.17383e-020	9.98822e-022	7.83894e-023	5.66887e-024	3.77287e-025	2.3074e-026	1.29434e-027	6.64476e-029	3.11369e-030	1.32762e-031	5.13176e-033	1.79035e-034	5.60791e-036	1.56715e-037	3.8773e-039	8.4127e-041	1.58207e-042	2.52234e-044	0	0	0	0	0	0	0	0	0	0	0	0	0	0	0	0	0	0	0	0	0	0	

0.000667266	0.000835813	0.00102626	0.00123517	0.00145713	0.00168486	0.00190944	0.00212089	0.00230885	0.00246339	0.00257592	0.00263994	0.00265172	0.00261055	0.00251899	0.00238242	0.00220864	0.0020071	0.00178797	0.00156146	0.00133693	0.00112229	0.000923794	0.000745647	0.000590198	0.000458204	0.000348911	0.000260585	0.000190956	0.000137311	9.68427e-005	6.70166e-005	4.55582e-005	3.04072e-005	1.98802e-005	1.27402e-005	8.04919e-006	5.03466e-006	3.09423e-006	1.83097e-006	1.01831e-006	5.22122e-007	2.4392e-007	1.0326e-007	3.95564e-008	1.37238e-008	4.32081e-009	1.23749e-009	3.23219e-010	7.71734e-011	1.68816e-011	3.38988e-012	6.25928e-013	1.06431e-013	1.66857e-014	2.41426e-015	3.22636e-016	3.98444e-017	4.54875e-018	4.80105e-019	4.6845e-020	4.22413e-021	3.5183e-022	2.70471e-023	1.91719e-024	1.25146e-025	7.51104e-027	4.13711e-028	2.08657e-029	9.61056e-031	4.02973e-032	1.53247e-033	5.26227e-035	1.62303e-036	4.46785e-038	1.08928e-039	2.32994e-041	4.316e-043	7.00649e-045	0	0	0	0	0	0	0	0	0	0	0	0	0	0	0	0	0	0	0	0	0	

0.000591803	0.000748725	0.000928564	0.00112883	0.0013451	0.00157099	0.00179836	0.00201766	0.00221865	0.00239104	0.00252551	0.00261437	0.00265249	0.00263761	0.00257069	0.00245574	0.00229942	0.00211051	0.00189887	0.00167482	0.00144825	0.00122779	0.0010206	0.000831916	0.000664953	0.000521268	0.000400816	0.000302273	0.000223622	0.000162347	0.000115626	8.07745e-005	5.54044e-005	3.73335e-005	2.46689e-005	1.59629e-005	1.01513e-005	6.3835e-006	3.96544e-006	2.39827e-006	1.37978e-006	7.38685e-007	3.62418e-007	1.61616e-007	6.52989e-008	2.39014e-008	7.93746e-009	2.39688e-009	6.59761e-010	1.65945e-010	3.82273e-011	8.08191e-012	1.57102e-012	2.81233e-013	4.64249e-014	7.07491e-015	9.96233e-016	1.29707e-016	1.56218e-017	1.7409e-018	1.79523e-019	1.71278e-020	1.51134e-021	1.2327e-022	9.28625e-024	6.45439e-025	4.1337e-026	2.43557e-027	1.31768e-028	6.531e-030	2.9576e-031	1.21987e-032	4.56524e-034	1.54334e-035	4.68822e-037	1.27156e-038	3.05557e-040	6.44317e-042	1.17709e-043	1.4013e-045	0	0	0	0	0	0	0	0	0	0	0	0	0	0	0	0	0	0	0	0	

0.000522255	0.00066736	0.000835972	0.00102649	0.00123547	0.00145749	0.00168527	0.00190986	0.00212131	0.00230922	0.0024637	0.00257613	0.00264003	0.00265168	0.00261039	0.00251873	0.00238207	0.00220824	0.00200668	0.00178755	0.00156109	0.0013366	0.00112203	0.00092361	0.000745522	0.000590135	0.000458194	0.000348929	0.000260629	0.000191019	0.000137374	9.69006e-005	6.70738e-005	4.56101e-005	3.04463e-005	1.99086e-005	1.27639e-005	8.06947e-006	5.04918e-006	3.10262e-006	1.83551e-006	1.02139e-006	5.24742e-007	2.46069e-007	1.04759e-007	4.04316e-008	1.41576e-008	4.50626e-009	1.30685e-009	3.46158e-010	8.39439e-011	1.86772e-011	3.8202e-012	7.19539e-013	1.24984e-013	2.00458e-014	2.97168e-015	4.07508e-016	5.17231e-017	6.07877e-018	6.61628e-019	6.66926e-020	6.2247e-021	5.37726e-022	4.29672e-023	3.17308e-024	2.16335e-025	1.35985e-026	7.86816e-028	4.18243e-029	2.03779e-030	9.07579e-032	3.68311e-033	1.35678e-034	4.51679e-036	1.35165e-037	3.61278e-039	8.55857e-041	1.77965e-042	3.22299e-044	0	0	0	0	0	0	0	0	0	0	0	0	0	0	0	0	0	0	0	0	

0.000458581	0.000591867	0.000748851	0.000928757	0.0011291	0.00134543	0.00157138	0.00179877	0.00201809	0.00221905	0.00239138	0.00252576	0.00261452	0.00265252	0.00263751	0.00257048	0.00245543	0.00229905	0.00211009	0.00189845	0.00167443	0.0014479	0.00122749	0.00102038	0.000831762	0.000664858	0.000521236	0.000400822	0.000302303	0.000223678	0.000162412	0.000115686	8.0832e-005	5.54603e-005	3.73792e-005	2.47018e-005	1.59885e-005	1.01736e-005	6.4011e-006	3.97667e-006	2.40439e-006	1.3834e-006	7.41512e-007	3.64832e-007	1.63447e-007	6.64664e-008	2.45296e-008	8.22715e-009	2.5131e-009	7.0083e-010	1.78852e-010	4.18634e-011	9.00578e-012	1.7838e-012	3.25836e-013	5.49628e-014	8.57132e-015	1.2369e-015	1.65289e-016	2.04643e-017	2.34819e-018	2.49753e-019	2.46208e-020	2.24905e-021	1.90286e-022	1.49017e-023	1.07921e-024	7.21993e-026	4.45579e-027	2.53258e-028	1.32311e-029	6.33882e-031	2.77725e-032	1.10921e-033	4.02308e-035	1.31916e-036	3.88971e-038	1.02479e-039	2.3937e-041	4.90454e-043	8.40779e-045	0	0	0	0	0	0	0	0	0	0	0	0	0	0	0	0	0	0	0	

0.00040066	0.000522293	0.000667455	0.00083613	0.00102672	0.00123577	0.00145785	0.00168567	0.00191028	0.00212173	0.00230959	0.002464	0.00257633	0.00264012	0.00265164	0.00261023	0.00251847	0.00238172	0.00220784	0.00200625	0.00178714	0.00156072	0.00133628	0.00112177	0.000923426	0.000745396	0.000590074	0.000458183	0.000348947	0.000260673	0.000191082	0.000137437	9.69587e-005	6.71314e-005	4.56617e-005	3.04851e-005	1.9937e-005	1.27878e-005	8.08974e-006	5.06357e-006	3.11096e-006	1.84009e-006	1.02452e-006	5.27378e-007	2.48212e-007	1.0625e-007	4.13043e-008	1.45927e-008	4.69392e-009	1.37778e-009	3.69921e-010	9.10588e-011	2.05944e-011	4.28775e-012	8.23191e-013	1.45949e-013	2.39263e-014	3.63057e-015	5.10341e-016	6.64981e-017	8.03551e-018	9.00711e-019	9.36607e-020	9.034e-021	8.08021e-022	6.69838e-023	5.14302e-024	3.65402e-025	2.39955e-026	1.45442e-027	8.12301e-029	4.17205e-030	1.96592e-031	8.4755e-033	3.33228e-034	1.19025e-035	3.84497e-037	1.11735e-038	2.90224e-040	6.68559e-042	1.34525e-043	1.4013e-045	0	0	0	0	0	0	0	0	0	0	0	0	0	0	0	0	0	0	

0.000348308	0.000458596	0.000591932	0.000748976	0.000928951	0.00112936	0.00134576	0.00157177	0.00179919	0.00201852	0.00221944	0.00239173	0.00252602	0.00261467	0.00265255	0.00263741	0.00257027	0.00245512	0.00229867	0.00210968	0.00189802	0.00167403	0.00144754	0.0012272	0.00102016	0.000831606	0.000664765	0.000521203	0.000400826	0.000302334	0.000223734	0.000162476	0.000115746	8.08901e-005	5.55161e-005	3.74245e-005	2.47345e-005	1.60143e-005	1.0196e-005	6.41861e-006	3.98781e-006	2.41051e-006	1.38707e-006	7.4437e-007	3.67247e-007	1.6527e-007	6.76288e-008	2.51577e-008	8.5189e-009	2.63128e-009	7.43073e-010	1.92306e-010	4.57102e-011	9.99931e-012	2.01674e-012	3.75614e-013	6.46899e-014	1.03142e-014	1.52388e-015	2.08789e-016	2.65431e-017	3.13217e-018	3.43142e-019	3.49017e-020	3.29529e-021	2.88711e-022	2.34597e-023	1.76665e-024	1.23179e-025	7.94274e-027	4.72966e-028	2.59642e-029	1.31138e-030	6.07943e-032	2.57968e-033	9.98671e-035	3.51372e-036	1.1185e-037	3.20402e-039	8.20642e-041	1.86373e-042	3.64338e-044	0	0	0	0	0	0	0	0	0	0	0	0	0	0	0	0	0	0	

0.000301285	0.000400656	0.000522331	0.00066755	0.000836288	0.00102695	0.00123607	0.00145822	0.00168607	0.00191071	0.00212214	0.00230997	0.00246431	0.00257653	0.00264021	0.0026516	0.00261008	0.0025182	0.00238137	0.00220745	0.00200583	0.00178672	0.00156034	0.00133595	0.00112152	0.00092324	0.000745271	0.000590014	0.000458172	0.000348964	0.000260718	0.000191144	0.000137499	9.7017e-005	6.71894e-005	4.57131e-005	3.05235e-005	1.99656e-005	1.2812e-005	8.10999e-006	5.07784e-006	3.11926e-006	1.84471e-006	1.02769e-006	5.30029e-007	2.5035e-007	1.07733e-007	4.21748e-008	1.50292e-008	4.88371e-009	1.45028e-009	3.94504e-010	9.85219e-011	2.26366e-011	4.79421e-012	9.37526e-013	1.69532e-013	2.83838e-014	4.40453e-015	6.34034e-016	8.47233e-017	1.05144e-017	1.21225e-018	1.29865e-019	1.2926e-020	1.19515e-021	1.0261e-022	8.17571e-024	6.04073e-025	4.13482e-026	2.6188e-027	1.53247e-028	8.27141e-030	4.10935e-031	1.87471e-032	7.83154e-034	2.98597e-035	1.03508e-036	3.24747e-038	9.1719e-040	2.31691e-041	5.1848e-043	9.80909e-045	0	0	0	0	0	0	0	0	0	0	0	0	0	0	0	0	0	

0.000259311	0.000348287	0.00045861	0.000591998	0.000749101	0.000929148	0.00112963	0.00134609	0.00157215	0.00179961	0.00201894	0.00221984	0.00239208	0.00252627	0.00261482	0.00265257	0.00263731	0.00257006	0.0024548	0.0022983	0.00210927	0.0018976	0.00167364	0.00144719	0.00122691	0.00101995	0.000831449	0.000664673	0.000521171	0.00040083	0.000302366	0.000223791	0.00016254	0.000115805	8.09486e-005	5.55719e-005	3.74694e-005	2.47672e-005	1.60403e-005	1.02184e-005	6.43602e-006	3.99887e-006	2.41663e-006	1.39078e-006	7.47257e-007	3.69665e-007	1.67085e-007	6.87864e-008	2.57857e-008	8.81264e-009	2.75136e-009	7.86477e-010	2.06308e-010	4.97715e-011	1.10649e-011	2.27091e-012	4.30943e-013	7.5719e-014	1.23328e-014	1.86384e-015	2.61571e-016	3.41086e-017	4.13443e-018	4.65971e-019	4.88348e-020	4.75874e-021	4.31059e-022	3.62807e-023	2.8356e-024	2.05633e-025	1.38223e-026	8.60146e-028	4.94791e-029	2.62645e-030	1.28385e-031	5.7652e-033	2.37158e-034	8.90747e-036	3.04287e-037	9.41122e-039	2.62118e-040	6.53145e-042	1.44334e-043	2.8026e-045	0	0	0	0	0	0	0	0	0	0	0	0	0	0	0	0	

0.00022207	0.00030125	0.000400651	0.00052237	0.000667645	0.000836447	0.00102718	0.00123636	0.00145858	0.00168647	0.00191114	0.00212255	0.00231034	0.00246461	0.00257673	0.0026403	0.00265156	0.00260992	0.00251793	0.00238102	0.00220705	0.0020054	0.00178631	0.00155997	0.00133562	0.00112126	0.000923053	0.000745146	0.000589955	0.000458159	0.000348981	0.000260764	0.000191206	0.00013756	9.70756e-005	6.72477e-005	4.57641e-005	3.05617e-005	1.99943e-005	1.28363e-005	8.13021e-006	5.09201e-006	3.12753e-006	1.84937e-006	1.03091e-006	5.32693e-007	2.52483e-007	1.0921e-007	4.30432e-008	1.5467e-008	5.07561e-009	1.52431e-009	4.19905e-010	1.06337e-010	2.4807e-011	5.34122e-012	1.0632e-012	1.95947e-013	3.34783e-014	5.30829e-015	7.81807e-016	1.0703e-016	1.3627e-017	1.61417e-018	1.77924e-019	1.82504e-020	1.74184e-021	1.54637e-022	1.27639e-023	9.78902e-025	6.96973e-026	4.60216e-027	2.81466e-028	1.59205e-029	8.31343e-031	3.99936e-032	1.7682e-033	7.16417e-035	2.65128e-036	8.92718e-038	2.72242e-039	7.47873e-041	1.8385e-042	3.92364e-044	1.4013e-045	0	0	0	0	0	0	0	0	0	0	0	0	0	0	0	

0.000189229	0.000259263	0.000348265	0.000458624	0.000592065	0.000749225	0.000929344	0.00112989	0.00134643	0.00157253	0.00180003	0.00201937	0.00222024	0.00239242	0.00252652	0.00261497	0.00265259	0.00263721	0.00256984	0.00245449	0.00229792	0.00210885	0.00189717	0.00167325	0.00144683	0.00122662	0.00101973	0.000831292	0.000664583	0.000521139	0.000400832	0.000302398	0.000223847	0.000162602	0.000115864	8.10076e-005	5.56277e-005	3.75139e-005	2.47998e-005	1.60666e-005	1.0241e-005	6.45334e-006	4.00984e-006	2.42277e-006	1.39455e-006	7.50172e-007	3.72084e-007	1.68892e-007	6.99394e-008	2.64137e-008	9.10833e-009	2.87331e-009	8.31033e-010	2.20859e-010	5.40509e-011	1.2205e-011	2.54737e-012	4.92211e-013	8.81679e-014	1.46582e-014	2.26409e-015	3.25162e-016	4.34486e-017	5.40412e-018	6.25865e-019	6.75006e-020	6.77956e-021	6.33996e-022	5.51845e-023	4.46864e-024	3.36408e-025	2.3524e-026	1.52632e-027	9.17717e-029	5.1055e-030	2.62332e-031	1.24231e-032	5.40897e-034	2.15903e-035	7.87435e-037	2.61391e-038	7.86128e-040	2.13039e-041	5.15678e-043	1.12104e-044	0	0	0	0	0	0	0	0	0	0	0	0	0	0	0	

0.00016044	0.000222015	0.000301215	0.000400645	0.00052241	0.000667737	0.000836608	0.00102741	0.00123666	0.00145894	0.00168688	0.00191157	0.00212296	0.00231072	0.00246491	0.00257694	0.00264039	0.00265151	0.00260977	0.00251766	0.00238067	0.00220665	0.00200497	0.00178591	0.00155959	0.0013353	0.00112101	0.000922865	0.000745021	0.000589897	0.000458146	0.000348999	0.000260811	0.000191268	0.00013762	9.71346e-005	6.73061e-005	4.58148e-005	3.05996e-005	2.00231e-005	1.28608e-005	8.1504e-006	5.10607e-006	3.13576e-006	1.85406e-006	1.03416e-006	5.3537e-007	2.54611e-007	1.1068e-007	4.39095e-008	1.59061e-008	5.26954e-009	1.59986e-009	4.46122e-010	1.14507e-010	2.71085e-011	5.93043e-012	1.20088e-012	2.25416e-013	3.92732e-014	6.3578e-015	9.57222e-016	1.34132e-016	1.7503e-017	2.12782e-018	2.41048e-019	2.54487e-020	2.50378e-021	2.29509e-022	1.95937e-023	1.55709e-024	1.15101e-025	7.90726e-027	5.04286e-028	2.98168e-029	1.63194e-030	8.25304e-032	3.8483e-033	1.65042e-034	6.49142e-036	2.33374e-037	7.6389e-039	2.26608e-040	6.05921e-042	1.44334e-043	2.8026e-045	0	0	0	0	0	0	0	0	0	0	0	0	0	0	

0.000135351	0.000189168	0.000259217	0.000348243	0.00045864	0.00059213	0.000749351	0.00092954	0.00113015	0.00134676	0.00157292	0.00180045	0.00201979	0.00222064	0.00239276	0.00252677	0.00261512	0.00265261	0.00263711	0.00256963	0.00245418	0.00229755	0.00210843	0.00189675	0.00167285	0.00144648	0.00122633	0.00101951	0.000831134	0.000664493	0.000521106	0.000400834	0.000302431	0.000223904	0.000162664	0.000115923	8.1067e-005	5.56833e-005	3.75581e-005	2.48324e-005	1.6093e-005	1.02636e-005	6.47056e-006	4.02075e-006	2.42892e-006	1.39836e-006	7.53114e-007	3.74505e-007	1.70693e-007	7.10882e-008	2.70416e-008	9.40591e-009	2.9971e-009	8.76729e-010	2.35962e-010	5.85521e-011	1.34219e-011	2.84722e-012	5.59814e-013	1.0216e-013	1.73239e-014	2.73261e-015	4.0127e-016	5.48924e-017	6.99881e-018	8.32008e-019	9.22377e-020	9.53652e-021	9.19451e-022	8.26447e-023	6.92264e-024	5.40072e-025	3.92132e-026	2.64735e-027	1.65998e-028	9.65435e-030	5.19985e-031	2.58883e-032	1.18887e-033	5.02338e-035	1.94731e-036	6.90226e-038	2.22821e-039	6.52122e-041	1.71939e-042	4.06377e-044	1.4013e-045	0	0	0	0	0	0	0	0	0	0	0	0	0	

0.000113616	0.000160376	0.000221959	0.00030118	0.000400638	0.00052245	0.00066783	0.000836771	0.00102764	0.00123697	0.0014593	0.00168728	0.00191199	0.00212338	0.0023111	0.0024652	0.00257714	0.00264047	0.00265147	0.00260961	0.00251739	0.00238033	0.00220625	0.00200455	0.0017855	0.00155921	0.00133497	0.00112076	0.000922676	0.000744898	0.000589839	0.000458132	0.000349016	0.000260858	0.000191329	0.000137681	9.71939e-005	6.73648e-005	4.58652e-005	3.06374e-005	2.00521e-005	1.28854e-005	8.17055e-006	5.12003e-006	3.14397e-006	1.85879e-006	1.03746e-006	5.38059e-007	2.56734e-007	1.12144e-007	4.47739e-008	1.63464e-008	5.46548e-009	1.6769e-009	4.7315e-010	1.23035e-010	2.95444e-011	6.56348e-012	1.35123e-012	2.58166e-013	4.58353e-014	7.57021e-015	1.1642e-015	1.66835e-016	2.2292e-017	2.77849e-018	3.23144e-019	3.50734e-020	3.55269e-021	3.35794e-022	2.96073e-023	2.43413e-024	1.86487e-025	1.33038e-026	8.82901e-028	5.44454e-029	3.11554e-030	1.65171e-031	8.09754e-033	3.66315e-034	1.52527e-035	5.82868e-037	2.0373e-038	6.48763e-040	1.8734e-041	4.87652e-043	1.12104e-044	0	0	0	0	0	0	0	0	0	0	0	0	0	

9.48959e-005	0.000135286	0.000189107	0.000259171	0.00034822	0.000458657	0.000592194	0.000749478	0.000929735	0.00113042	0.00134709	0.0015733	0.00180087	0.00202021	0.00222104	0.0023931	0.00252703	0.00261527	0.00265263	0.00263702	0.00256941	0.00245386	0.00229717	0.00210801	0.00189634	0.00167246	0.00144612	0.00122604	0.00101929	0.000830977	0.000664405	0.000521072	0.000400836	0.000302465	0.000223961	0.000162725	0.000115983	8.11267e-005	5.57388e-005	3.76019e-005	2.4865e-005	1.61196e-005	1.02862e-005	6.48769e-006	4.03158e-006	2.43508e-006	1.40221e-006	7.56081e-007	3.76928e-007	1.72487e-007	7.22328e-008	2.76696e-008	9.70533e-009	3.12269e-009	9.23553e-010	2.51616e-010	6.32783e-011	1.47179e-011	3.17151e-012	6.34156e-013	1.17824e-013	2.03653e-014	3.27806e-015	4.91788e-016	6.8814e-017	8.98563e-018	1.09538e-018	1.24689e-019	1.32554e-020	1.31596e-021	1.21982e-022	1.05539e-023	8.51904e-025	6.41141e-026	4.49527e-027	2.93341e-028	1.7795e-029	1.00214e-030	5.23077e-032	2.52576e-033	1.1258e-034	4.62034e-036	1.74087e-037	6.00151e-039	1.88555e-040	5.37398e-042	1.37327e-043	2.8026e-045	0	0	0	0	0	0	0	0	0	0	0	0	

7.88645e-005	0.000113551	0.000160312	0.000221904	0.000301143	0.000400633	0.00052249	0.000667923	0.000836933	0.00102787	0.00123727	0.00145966	0.00168769	0.00191242	0.00212379	0.00231148	0.0024655	0.00257735	0.00264056	0.00265144	0.00260945	0.00251712	0.00237999	0.00220585	0.00200413	0.00178509	0.00155883	0.00133465	0.00112051	0.000922486	0.000744775	0.000589782	0.000458117	0.000349034	0.000260906	0.00019139	0.000137741	9.72535e-005	6.74235e-005	4.59152e-005	3.06749e-005	2.00812e-005	1.29102e-005	8.19065e-006	5.1339e-006	3.15215e-006	1.86356e-006	1.04079e-006	5.4076e-007	2.58853e-007	1.13602e-007	4.56364e-008	1.6788e-008	5.66336e-009	1.75541e-009	5.00987e-010	1.31925e-010	3.21173e-011	7.24198e-012	1.51494e-012	2.94435e-013	5.32349e-014	8.96391e-015	1.40703e-015	2.0604e-016	2.81655e-017	3.59592e-018	4.28923e-019	4.78092e-020	4.98005e-021	4.84746e-022	4.40819e-023	3.74384e-024	2.96801e-025	2.19492e-026	1.51294e-027	9.71038e-029	5.79625e-030	3.21326e-031	1.65166e-032	7.85686e-034	3.45125e-035	1.39637e-036	5.18854e-038	1.76454e-039	5.47053e-041	1.53863e-042	3.92364e-044	1.4013e-045	0	0	0	0	0	0	0	0	0	0	0	

